lmx0,lmx1,lmx2,lmx3,lmx4,lmx5,lmx6,lmx7,lmx8,lmx9,lmx10,lmx11,lmx12,lmx13,lmx14,lmx15,lmx16,lmx17,lmx18,lmx19,lmx20,lmy0,lmy1,lmy2,lmy3,lmy4,lmy5,lmy6,lmy7,lmy8,lmy9,lmy10,lmy11,lmy12,lmy13,lmy14,lmy15,lmy16,lmy17,lmy18,lmy19,lmy20,lmz0,lmz1,lmz2,lmz3,lmz4,lmz5,lmz6,lmz7,lmz8,lmz9,lmz10,lmz11,lmz12,lmz13,lmz14,lmz15,lmz16,lmz17,lmz18,lmz19,lmz20
0.0,0.0,0.0,0.0,0.0,0.0,0.0,0.0,0.0,0.0,0.0,0.0,0.0,0.0,0.0,0.0,0.0,0.0,0.0,0.0,0.0,0.0,0.0,0.0,0.0,0.0,0.0,0.0,0.0,0.0,0.0,0.0,0.0,0.0,0.0,0.0,0.0,0.0,0.0,0.0,0.0,0.0,0.0,0.0,0.0,0.0,0.0,0.0,0.0,0.0,0.0,0.0,0.0,0.0,0.0,0.0,0.0,0.0,0.0,0.0,0.0,0.0,0.0
0.32213807106018066,0.2866748571395874,0.2798669636249542,0.3012511730194092,0.3258967399597168,0.2783775329589844,0.27585700154304504,0.2764284908771515,0.27893269062042236,0.31194576621055603,0.30969324707984924,0.30926042795181274,0.31210559606552124,0.3444972634315491,0.34163549542427063,0.32892072200775146,0.32255518436431885,0.3718993663787842,0.3625089228153229,0.3504817485809326,0.3472136855125427,0.6466436386108398,0.6049007773399353,0.541590690612793,0.4942627251148224,0.4685859978199005,0.5395529866218567,0.4464879035949707,0.3970646560192108,0.35744357109069824,0.5409053564071655,0.4411230683326721,0.3906046450138092,0.350827693939209,0.5425419807434082,0.4430556893348694,0.45936617255210876,0.4893324375152588,0.5421614050865173,0.4670025408267975,0.47695207595825195,0.5022247433662415,2.296928585110436e-07,-0.01106872409582138,-0.022225797176361084,-0.032765649259090424,-0.04259759932756424,-0.037763092666864395,-0.05420876294374466,-0.06037914380431175,-0.06310717761516571,-0.04090478643774986,-0.05623362958431244,-0.06015872210264206,-0.06283073127269745,-0.04334020987153053,-0.06177349388599396,-0.059121668338775635,-0.052702076733112335,-0.04622708261013031,-0.059978779405355453,-0.057262953370809555,-0.05219465121626854
0.3317563831806183,0.2973124086856842,0.2933322787284851,0.316191703081131,0.33897367119789124,0.2927282750606537,0.2916664779186249,0.29272645711898804,0.2960299849510193,0.32507771253585815,0.3271784484386444,0.3295048475265503,0.3341050148010254,0.35675475001335144,0.3632510304450989,0.35081976652145386,0.34205636382102966,0.3838001787662506,0.3849426507949829,0.37207093834877014,0.3638325035572052,0.6508041620254517,0.6051022410392761,0.5447890758514404,0.5001611113548279,0.4747689664363861,0.5401186943054199,0.45025232434272766,0.3977479338645935,0.35683244466781616,0.5427250862121582,0.44598859548568726,0.39088642597198486,0.34828436374664307,0.5475547313690186,0.4506690800189972,0.46123579144477844,0.48827454447746277,0.5510632395744324,0.47869235277175903,0.483345091342926,0.5047639012336731,4.0535030620958423e-07,-0.009101754054427147,-0.020286859944462776,-0.03067006915807724,-0.040277149528265,-0.03906949982047081,-0.0558127760887146,-0.0640019029378891,-0.06836744397878647,-0.042613863945007324,-0.05735991522669792,-0.062156107276678085,-0.06591147184371948,-0.0447705052793026,-0.05873348191380501,-0.05448721721768379,-0.04856760799884796,-0.04756537079811096,-0.057088300585746765,-0.05248038098216057,-0.04674410820007324
0.3397632837295532,0.30519676208496094,0.3039047122001648,0.32773950695991516,0.3514244556427002,0.3037615418434143,0.30187395215034485,0.3020443320274353,0.3047281503677368,0.337064653635025,0.3433727025985718,0.34741172194480896,0.3534667193889618,0.3685329556465149,0.38013598322868347,0.3668004274368286,0.3560448884963989,0.39446067810058594,0.4006747603416443,0.38829663395881653,0.3791174590587616,0.6570614576339722,0.6064051985740662,0.5446662306785583,0.5005639791488647,0.47690314054489136,0.539060115814209,0.45316797494888306,0.4016934633255005,0.3611552119255066,0.5431333184242249,0.4517030417919159,0.39729487895965576,0.3561133146286011,0.5513115525245667,0.4570884108543396,0.45811450481414795,0.47992658615112305,0.5585842132568359,0.48611825704574585,0.48297783732414246,0.5001270771026611,3.995731105987943e-07,-0.009070346131920815,-0.019998135045170784,-0.029655518010258675,-0.0385836623609066,-0.0386425219476223,-0.05467171594500542,-0.06356915831565857,-0.06907632201910019,-0.04178285598754883,-0.054930660873651505,-0.05979039892554283,-0.06442193686962128,-0.04355841502547264,-0.055169928818941116,-0.051632728427648544,-0.047414928674697876,-0.04606395959854126,-0.054723866283893585,-0.05100128799676895,-0.046484556049108505
0.34648171067237854,0.31155678629875183,0.31069767475128174,0.3340965211391449,0.35810405015945435,0.313174307346344,0.31220078468322754,0.3118787109851837,0.31373462080955505,0.3468078374862671,0.3581776022911072,0.36508771777153015,0.3728797733783722,0.3782755136489868,0.39382630586624146,0.38040217757225037,0.3697269558906555,0.4042517840862274,0.4137890934944153,0.4010607600212097,0.3919438421726227,0.6625655293464661,0.6110242009162903,0.5505982637405396,0.5087776780128479,0.48626798391342163,0.5416812300682068,0.46048277616500854,0.41045522689819336,0.3706513047218323,0.5464688539505005,0.45782190561294556,0.4056866765022278,0.365856796503067,0.5552632212638855,0.4616008698940277,0.46449533104896545,0.4876066744327545,0.5636085867881775,0.49195271730422974,0.4912258982658386,0.5092950463294983,3.850314271858224e-07,-0.008011736907064915,-0.0193030908703804,-0.029427528381347656,-0.03896928206086159,-0.039823755621910095,-0.05804348737001419,-0.06962000578641891,-0.0773279070854187,-0.04348492994904518,-0.05740487948060036,-0.06295774132013321,-0.06868401169776917,-0.045701123774051666,-0.056668903678655624,-0.05182018131017685,-0.047529447823762894,-0.048727694898843765,-0.056867651641368866,-0.05229134485125542,-0.04758065193891525
0.35239797830581665,0.3183348774909973,0.3192991614341736,0.34423330426216125,0.368927001953125,0.3239300847053528,0.32395631074905396,0.3237316906452179,0.325685977935791,0.35792478919029236,0.3730018436908722,0.38203850388526917,0.3918777108192444,0.38843539357185364,0.40644940733909607,0.39334985613822937,0.3831232488155365,0.4129539132118225,0.4256582260131836,0.4136993885040283,0.4051339626312256,0.6652830243110657,0.6120584011077881,0.550960123538971,0.5100740790367126,0.4891640841960907,0.5429518222808838,0.4623156189918518,0.41312605142593384,0.37433111667633057,0.5500278472900391,0.46240800619125366,0.41295939683914185,0.37578096985816956,0.5611106157302856,0.4688987135887146,0.46838706731796265,0.48829343914985657,0.5716148614883423,0.5007508993148804,0.4971415400505066,0.5126765370368958,3.8274308167274285e-07,-0.007206404581665993,-0.017615849152207375,-0.026534678414463997,-0.03477964177727699,-0.03915764018893242,-0.05571652576327324,-0.06595557928085327,-0.07278332114219666,-0.04211575165390968,-0.053825076669454575,-0.05768107622861862,-0.06227406859397888,-0.04339568689465523,-0.05168695002794266,-0.04523094370961189,-0.04024657979607582,-0.045457396656274796,-0.051170121878385544,-0.04515768960118294,-0.03963175415992737
0.35621729493141174,0.32416847348213196,0.32620906829833984,0.3511151373386383,0.37532907724380493,0.33370381593704224,0.3343966007232666,0.33393794298171997,0.33554571866989136,0.36717504262924194,0.38551607728004456,0.39682385325431824,0.4091096520423889,0.3971444070339203,0.416228711605072,0.40214818716049194,0.3922416865825653,0.42134889960289,0.4339597821235657,0.42054277658462524,0.41167810559272766,0.6625530123710632,0.6081390380859375,0.5450789928436279,0.5037751793861389,0.48390159010887146,0.5412186980247498,0.4622955024242401,0.4137329161167145,0.37443873286247253,0.5473620295524597,0.4615694582462311,0.41512811183929443,0.3788468539714813,0.5580000877380371,0.468826025724411,0.4768841862678528,0.5021729469299316,0.5686678886413574,0.5003758072853088,0.5025869607925415,0.5219869613647461,3.7554110576820676e-07,-0.007565684150904417,-0.017335912212729454,-0.025744881480932236,-0.03341652825474739,-0.0376228429377079,-0.053229644894599915,-0.062283262610435486,-0.068461112678051,-0.040122125297784805,-0.05141109973192215,-0.054580871015787125,-0.05858312174677849,-0.04108353331685066,-0.05051751062273979,-0.043842196464538574,-0.03813404217362404,-0.04280693084001541,-0.04970517009496689,-0.04411016032099724,-0.038671206682920456
0.36000826954841614,0.32896989583969116,0.3316214084625244,0.35850194096565247,0.3845653235912323,0.33932438492774963,0.3413732349872589,0.34152111411094666,0.34285247325897217,0.3726695477962494,0.39435523748397827,0.4095466136932373,0.42418238520622253,0.4021492898464203,0.42266854643821716,0.4109031558036804,0.4013172388076782,0.4261592626571655,0.43980854749679565,0.42789047956466675,0.41945743560791016,0.659754753112793,0.6020153760910034,0.5387590527534485,0.4993607997894287,0.48267847299575806,0.536950409412384,0.4603225886821747,0.41295817494392395,0.3738861680030823,0.5449851751327515,0.4634056091308594,0.4189773201942444,0.3844086527824402,0.5572038292884827,0.4713439345359802,0.47760388255119324,0.5014716386795044,0.5691905617713928,0.5028961896896362,0.504568338394165,0.5240791440010071,3.633898586485884e-07,-0.007770050782710314,-0.017552809789776802,-0.026021838188171387,-0.03364031761884689,-0.03649641200900078,-0.05153260380029678,-0.06027631461620331,-0.06654844433069229,-0.03929031267762184,-0.05039020627737045,-0.053406521677970886,-0.05736476927995682,-0.04071106016635895,-0.05004372075200081,-0.04343641549348831,-0.037980370223522186,-0.04299767687916756,-0.049741677939891815,-0.0441083163022995,-0.038837652653455734
0.36494332551956177,0.3319368064403534,0.3337368071079254,0.3604111969470978,0.3874875009059906,0.3445470929145813,0.34667104482650757,0.347137451171875,0.3492848873138428,0.37862643599510193,0.4021330773830414,0.41866761445999146,0.4344049096107483,0.4074733853340149,0.42824259400367737,0.4150375425815582,0.4040775001049042,0.43018943071365356,0.4452314078807831,0.4323364794254303,0.4222797155380249,0.6562947034835815,0.5990154147148132,0.536858320236206,0.496915340423584,0.4805612564086914,0.5377346873283386,0.4594142735004425,0.41232922673225403,0.373971551656723,0.5458685159683228,0.4649983048439026,0.42165279388427734,0.3885766267776489,0.55760258436203,0.4709181487560272,0.4754181206226349,0.4983547329902649,0.5681791305541992,0.5014134645462036,0.5013555288314819,0.5203353762626648,3.8887614550731087e-07,-0.009123386815190315,-0.019679049029946327,-0.02847323939204216,-0.036410801112651825,-0.03977759927511215,-0.05525439977645874,-0.06367521733045578,-0.06959892064332962,-0.04161267727613449,-0.05324356630444527,-0.055802274495363235,-0.05933433026075363,-0.04203937202692032,-0.05189487338066101,-0.04553436487913132,-0.040162593126297,-0.04332514852285385,-0.050824396312236786,-0.045917849987745285,-0.04107537120580673
0.3670801818370819,0.3357750177383423,0.33896562457084656,0.3661156892776489,0.39267975091934204,0.34918850660324097,0.35131222009658813,0.3517172038555145,0.35356220602989197,0.38237473368644714,0.4077542722225189,0.42516306042671204,0.44151803851127625,0.41024965047836304,0.4328411817550659,0.41942504048347473,0.4078952968120575,0.4322051405906677,0.44899725914001465,0.43649381399154663,0.42632749676704407,0.6534140706062317,0.5952596664428711,0.5338150262832642,0.495128333568573,0.4795466661453247,0.5357562303543091,0.4592045545578003,0.4127767086029053,0.3751155734062195,0.5459376573562622,0.4668484926223755,0.42464786767959595,0.39268410205841064,0.5588393211364746,0.4734560251235962,0.47546595335006714,0.49654245376586914,0.5697246789932251,0.5033091902732849,0.5012074112892151,0.5183511972427368,3.978067013576947e-07,-0.008910608477890491,-0.019614916294813156,-0.02848702296614647,-0.036318156868219376,-0.039833009243011475,-0.054733067750930786,-0.06274104863405228,-0.06846490502357483,-0.041595108807086945,-0.05283484607934952,-0.0549653060734272,-0.05814612656831741,-0.041887734085321426,-0.05082559585571289,-0.04401304945349693,-0.03851282224059105,-0.04306184872984886,-0.04957683011889458,-0.04437713325023651,-0.039463166147470474
0.3692156672477722,0.3379567861557007,0.34163805842399597,0.3678492307662964,0.39281973242759705,0.352748841047287,0.3547140955924988,0.3543113172054291,0.3552064597606659,0.38544318079948425,0.41186895966529846,0.4291345775127411,0.4449453055858612,0.4124801456928253,0.4356066584587097,0.42286625504493713,0.4116620123386383,0.433545857667923,0.4510861933231354,0.439153790473938,0.42930710315704346,0.6523580551147461,0.5949951410293579,0.5341997742652893,0.4952869415283203,0.4790319800376892,0.5375399589538574,0.4611682593822479,0.4147775173187256,0.37692394852638245,0.5475105047225952,0.4675710201263428,0.42677295207977295,0.3953453302383423,0.5600553750991821,0.47192978858947754,0.4741113483905792,0.4956795275211334,0.5712156295776367,0.5033273696899414,0.5017144680023193,0.5191981196403503,3.786627189583669e-07,-0.00817084964364767,-0.018753504380583763,-0.02726856805384159,-0.03478134423494339,-0.041178569197654724,-0.056926775723695755,-0.06585510820150375,-0.07228013873100281,-0.04278187453746796,-0.053389325737953186,-0.05488690733909607,-0.05798571556806564,-0.04270215705037117,-0.05023288354277611,-0.041867394000291824,-0.035834901034832,-0.04350898787379265,-0.049411650747060776,-0.04338520020246506,-0.038018979132175446
0.36880064010620117,0.3390522301197052,0.34447193145751953,0.3723691403865814,0.39940428733825684,0.35404202342033386,0.35618555545806885,0.35594993829727173,0.3571073114871979,0.3865399956703186,0.413745254278183,0.431445837020874,0.4478282928466797,0.41356849670410156,0.4373078942298889,0.4230687618255615,0.41069456934928894,0.4350441098213196,0.4523402452468872,0.4393409490585327,0.42883801460266113,0.6516068577766418,0.5913817286491394,0.5305508971214294,0.49378862977027893,0.4797450304031372,0.5344589352607727,0.4623551070690155,0.4168905019760132,0.3794189989566803,0.5447266101837158,0.4689860939979553,0.42925572395324707,0.39851710200309753,0.558020830154419,0.4742739498615265,0.4767164885997772,0.4985911250114441,0.5705537796020508,0.5043476819992065,0.5026252865791321,0.5205641984939575,3.7546098496932245e-07,-0.008830425329506397,-0.019761215895414352,-0.02888880856335163,-0.0370468907058239,-0.039793796837329865,-0.05583982169628143,-0.06526143103837967,-0.07231854647397995,-0.04166526719927788,-0.053252410143613815,-0.05543847754597664,-0.05893109366297722,-0.04217797890305519,-0.050997115671634674,-0.043311383575201035,-0.03744633495807648,-0.04369429871439934,-0.05065538361668587,-0.04541477933526039,-0.04052630439400673
0.37046366930007935,0.3402869999408722,0.34543657302856445,0.37381812930107117,0.40156129002571106,0.35545849800109863,0.35690316557884216,0.3567548990249634,0.3579617142677307,0.3880877196788788,0.4158329963684082,0.43382275104522705,0.4503520429134369,0.41529029607772827,0.43886032700538635,0.4245341122150421,0.41212964057922363,0.4370059669017792,0.45384377241134644,0.4409324824810028,0.43062615394592285,0.6509637832641602,0.590736448764801,0.5289573669433594,0.4905320703983307,0.4756883382797241,0.5369561910629272,0.46502187848091125,0.4198641777038574,0.38263314962387085,0.5475620031356812,0.47158968448638916,0.4323750436306,0.4033365249633789,0.5606710314750671,0.4751514494419098,0.4763358235359192,0.4986763596534729,0.5725170969963074,0.5053030848503113,0.5029701590538025,0.5216856002807617,3.765184999338089e-07,-0.010317569598555565,-0.02211598865687847,-0.031646307557821274,-0.04010089114308357,-0.04325306788086891,-0.05919106304645538,-0.06780590862035751,-0.07438837736845016,-0.044530898332595825,-0.05672319233417511,-0.05858170613646507,-0.06180063262581825,-0.04435526952147484,-0.05404715612530708,-0.04654248431324959,-0.04067537561058998,-0.04518068581819534,-0.05298473685979843,-0.048318181186914444,-0.04378694295883179
0.3700513541698456,0.34026533365249634,0.3463858664035797,0.3750942051410675,0.40322303771972656,0.3566332459449768,0.35767650604248047,0.3575470745563507,0.3589017987251282,0.3888950049877167,0.41778993606567383,0.43548980355262756,0.4517825245857239,0.41561487317085266,0.44060951471328735,0.4255468249320984,0.41268157958984375,0.4369373917579651,0.45487821102142334,0.44135162234306335,0.4304959774017334,0.6508613228797913,0.5896640419960022,0.5269394516944885,0.4879005551338196,0.47251084446907043,0.5358908176422119,0.46649184823036194,0.42249220609664917,0.38617846369743347,0.5473354458808899,0.47317320108413696,0.4351000189781189,0.4069441854953766,0.5608907341957092,0.4770585000514984,0.4786699712276459,0.5013085007667542,0.5731222033500671,0.5064156651496887,0.5044557452201843,0.5234727263450623,3.7307276556930447e-07,-0.01034203078597784,-0.021892279386520386,-0.031221909448504448,-0.03938879072666168,-0.04195500537753105,-0.05778709426522255,-0.0664561316370964,-0.07309800386428833,-0.04319282993674278,-0.05543237924575806,-0.05720747262239456,-0.06025606393814087,-0.04312099888920784,-0.05316993594169617,-0.04570915922522545,-0.039668645709753036,-0.04405917599797249,-0.05204438045620918,-0.047453198581933975,-0.04289888218045235
0.371474027633667,0.34084609150886536,0.3458433747291565,0.3741926848888397,0.40231454372406006,0.3575475215911865,0.35841983556747437,0.3581094443798065,0.3593999743461609,0.3898676633834839,0.41869303584098816,0.4367424547672272,0.4534742832183838,0.4166421890258789,0.4412022829055786,0.42680853605270386,0.41466695070266724,0.43800678849220276,0.4551366865634918,0.44217634201049805,0.43189704418182373,0.6513087749481201,0.5914210081100464,0.528464674949646,0.48837199807167053,0.47257640957832336,0.5380566716194153,0.4677412509918213,0.4236297011375427,0.38753899931907654,0.5488691926002502,0.4746841490268707,0.4368633031845093,0.4099147319793701,0.562011182308197,0.47757086157798767,0.478820264339447,0.5015645027160645,0.5738910436630249,0.506739616394043,0.5047351717948914,0.5241020321846008,3.628740046224266e-07,-0.0106041319668293,-0.022168980911374092,-0.031433697789907455,-0.03955891728401184,-0.042340002954006195,-0.057664208114147186,-0.06558699905872345,-0.0716264471411705,-0.04343412443995476,-0.05558217689394951,-0.0571134090423584,-0.059833966195583344,-0.04316164553165436,-0.05333356186747551,-0.04592219740152359,-0.03980376198887825,-0.043852776288986206,-0.051805056631565094,-0.04704614356160164,-0.042319223284721375
0.37157151103019714,0.3414382040500641,0.3475167453289032,0.37639927864074707,0.4050041735172272,0.3581773042678833,0.35851094126701355,0.3579762876033783,0.35910701751708984,0.3904057741165161,0.41936764121055603,0.437204509973526,0.45386484265327454,0.41718724370002747,0.44167840480804443,0.42644745111465454,0.41399043798446655,0.4389404356479645,0.45599135756492615,0.44243523478507996,0.4320559501647949,0.6503152847290039,0.5897586345672607,0.5262722373008728,0.4869486689567566,0.472525954246521,0.5375650525093079,0.4686530828475952,0.4253891706466675,0.38953500986099243,0.5489368438720703,0.4752843379974365,0.4382792115211487,0.41158366203308105,0.562250554561615,0.47727036476135254,0.4794427752494812,0.503053605556488,0.5740118026733398,0.5066053867340088,0.5053034424781799,0.5255096554756165,3.576907374736038e-07,-0.010509274899959564,-0.021823227405548096,-0.030883241444826126,-0.03874789550900459,-0.04159678891301155,-0.05641712248325348,-0.06407736241817474,-0.07011371105909348,-0.042703401297330856,-0.054620396345853806,-0.05612136051058769,-0.05891113728284836,-0.0424557626247406,-0.05301748961210251,-0.04594658687710762,-0.03996587172150612,-0.0431288480758667,-0.05159575119614601,-0.04727674648165703,-0.042865730822086334
0.3719530999660492,0.3418026864528656,0.34715884923934937,0.3754877746105194,0.4042999744415283,0.35775288939476013,0.35823553800582886,0.35741186141967773,0.358126699924469,0.39021870493888855,0.41844335198402405,0.4360620379447937,0.4524162709712982,0.4174906313419342,0.4416831433773041,0.42675289511680603,0.41435161232948303,0.43968406319618225,0.45660635828971863,0.44282984733581543,0.4320431351661682,0.6498381495475769,0.5892069935798645,0.525083065032959,0.4846588969230652,0.4725085496902466,0.5394033789634705,0.4696195721626282,0.425467848777771,0.3892815113067627,0.5507792830467224,0.4768873453140259,0.4391057789325714,0.4124850630760193,0.5636115670204163,0.4773053526878357,0.477169007062912,0.49974361062049866,0.574573278427124,0.5052456259727478,0.502784788608551,0.5231469869613647,3.447409540058288e-07,-0.01115120854228735,-0.022606154903769493,-0.031739093363285065,-0.039569493383169174,-0.04191126674413681,-0.056425418704748154,-0.06365795433521271,-0.06936336308717728,-0.04278092086315155,-0.05448819324374199,-0.055733222514390945,-0.05831702798604965,-0.04233414679765701,-0.05277647823095322,-0.0459819920361042,-0.04014865681529045,-0.04287740960717201,-0.05107278376817703,-0.04681914672255516,-0.04250192642211914
0.3731120228767395,0.34287625551223755,0.3476622402667999,0.3753061890602112,0.403313010931015,0.35836490988731384,0.3578851521015167,0.3567814528942108,0.35740160942077637,0.39092352986335754,0.41790997982025146,0.43492841720581055,0.4508723318576813,0.41822001338005066,0.44161996245384216,0.42715227603912354,0.41522952914237976,0.440553218126297,0.4570492208003998,0.44365596771240234,0.43336912989616394,0.6495215892791748,0.5887799859046936,0.5243205428123474,0.48247361183166504,0.47088998556137085,0.5384682416915894,0.46884411573410034,0.4245484471321106,0.388325959444046,0.5497638583183289,0.476476788520813,0.43900153040885925,0.41256335377693176,0.5628762245178223,0.47717905044555664,0.47730958461761475,0.4998173415660858,0.5743678212165833,0.505742073059082,0.5036908388137817,0.524316668510437,3.371399657225993e-07,-0.011357140727341175,-0.02262624353170395,-0.031616389751434326,-0.039293065667152405,-0.04094120115041733,-0.05548259988427162,-0.06294700503349304,-0.06891663372516632,-0.041779644787311554,-0.05339599773287773,-0.05482432618737221,-0.05764009803533554,-0.04142749682068825,-0.05178246274590492,-0.04502186179161072,-0.039283689111471176,-0.04212738201022148,-0.050289783626794815,-0.046132564544677734,-0.04195094108581543
0.3729497790336609,0.3426753282546997,0.3476931154727936,0.37510207295417786,0.4032662510871887,0.3580119013786316,0.35722795128822327,0.35628652572631836,0.3570031523704529,0.390970379114151,0.4178812503814697,0.4349130094051361,0.45080453157424927,0.4186334013938904,0.44186878204345703,0.42743873596191406,0.4156617522239685,0.44114187359809875,0.457694947719574,0.4442007839679718,0.4339074492454529,0.6497597098350525,0.5892990827560425,0.523921549320221,0.480337917804718,0.4698186218738556,0.5390473008155823,0.4687841832637787,0.4239911139011383,0.3877650499343872,0.5501567125320435,0.4762228727340698,0.4383767247200012,0.4117317199707031,0.562569797039032,0.47610750794410706,0.4763891100883484,0.49942708015441895,0.5732222199440002,0.5040948390960693,0.5020685791969299,0.5232746601104736,3.4623607803041523e-07,-0.011689257808029652,-0.023196136578917503,-0.03222424164414406,-0.039841458201408386,-0.042389385402202606,-0.057171937078237534,-0.06473887711763382,-0.07080361247062683,-0.04294491186738014,-0.05481985956430435,-0.05612555146217346,-0.0588592067360878,-0.04221707955002785,-0.05247996002435684,-0.045314233750104904,-0.039278626441955566,-0.04257790744304657,-0.05058295279741287,-0.04626939073204994,-0.041966985911130905
0.37369590997695923,0.34385550022125244,0.3487434685230255,0.3759157359600067,0.4042539596557617,0.3585459589958191,0.3580065369606018,0.35699352622032166,0.35758140683174133,0.3914540708065033,0.4186953008174896,0.4349825084209442,0.4502791464328766,0.4190903902053833,0.4426758587360382,0.42727354168891907,0.4149791896343231,0.4416262209415436,0.4579564332962036,0.44403770565986633,0.433719277381897,0.6500183343887329,0.5890762209892273,0.5241448283195496,0.4812527298927307,0.4705142676830292,0.538695752620697,0.4682573080062866,0.4237188994884491,0.38751840591430664,0.5499991178512573,0.47576361894607544,0.4383314847946167,0.4123813807964325,0.5627504587173462,0.4762182831764221,0.47616368532180786,0.4986446797847748,0.5737516283988953,0.5046438574790955,0.5023496747016907,0.5229992270469666,3.3873189408950566e-07,-0.011572304181754589,-0.022926760837435722,-0.031963542103767395,-0.03961057588458061,-0.04130097106099129,-0.05578095093369484,-0.06295665353536606,-0.06869851797819138,-0.04203566536307335,-0.054012928158044815,-0.05549772083759308,-0.05821015313267708,-0.041553154587745667,-0.05233187973499298,-0.04567684233188629,-0.039799764752388,-0.0420985221862793,-0.05043952539563179,-0.04642776772379875,-0.04226503521203995
0.37505608797073364,0.3454456627368927,0.350146621465683,0.3769287168979645,0.40509331226348877,0.35915204882621765,0.35855478048324585,0.3575652539730072,0.3581184148788452,0.39216604828834534,0.4193187654018402,0.43581104278564453,0.4511497914791107,0.4199899733066559,0.44343629479408264,0.428282767534256,0.416152685880661,0.442735493183136,0.4591738283634186,0.44530731439590454,0.4348924160003662,0.6502677202224731,0.5897907614707947,0.524614691734314,0.4812609851360321,0.46965986490249634,0.5407084226608276,0.46938562393188477,0.42438751459121704,0.3878689408302307,0.5512272119522095,0.4764409363269806,0.43905115127563477,0.4131864905357361,0.5629639029502869,0.47590184211730957,0.4771242141723633,0.5004631876945496,0.5730052590370178,0.5042228102684021,0.5026187300682068,0.5234472751617432,3.3917862651833275e-07,-0.012063034810125828,-0.02366647869348526,-0.032825540751218796,-0.04049121215939522,-0.04218148812651634,-0.05708589404821396,-0.06439157575368881,-0.0701790526509285,-0.042602650821208954,-0.05513250455260277,-0.05674523115158081,-0.059513214975595474,-0.04183370992541313,-0.05307232216000557,-0.04642018675804138,-0.040475644171237946,-0.042129822075366974,-0.05090330168604851,-0.04720012843608856,-0.04322570189833641
0.37513604760169983,0.34626781940460205,0.3515942096710205,0.3788312077522278,0.4061521589756012,0.35958951711654663,0.3593500852584839,0.35877034068107605,0.35951220989227295,0.39276450872421265,0.42076951265335083,0.43754473328590393,0.4529033601284027,0.42083796858787537,0.4448279142379761,0.43010810017585754,0.41829726099967957,0.4438846707344055,0.46047863364219666,0.44683706760406494,0.43679970502853394,0.6507848501205444,0.5898677110671997,0.5243853330612183,0.4809727668762207,0.4698784351348877,0.5416550040245056,0.4702334403991699,0.424871563911438,0.38830703496932983,0.5530023574829102,0.4781172573566437,0.4406329095363617,0.41485321521759033,0.5651754140853882,0.4782942533493042,0.47938311100006104,0.5024937987327576,0.5753538012504578,0.5063909888267517,0.5050129294395447,0.5260443091392517,3.457817285834608e-07,-0.012120096012949944,-0.023770300671458244,-0.032908350229263306,-0.040583863854408264,-0.04268313944339752,-0.05771414935588837,-0.0651087835431099,-0.07094009220600128,-0.043176643550395966,-0.055999331176280975,-0.05779678001999855,-0.060648057609796524,-0.04244163632392883,-0.05388564616441727,-0.04733361303806305,-0.04141654446721077,-0.04276300221681595,-0.05151987075805664,-0.04774609953165054,-0.0437561497092247
0.37686389684677124,0.34708651900291443,0.35188162326812744,0.37933674454689026,0.40753957629203796,0.36101609468460083,0.36091700196266174,0.36043399572372437,0.3614574670791626,0.39455750584602356,0.4223596155643463,0.43940067291259766,0.45517614483833313,0.42267265915870667,0.44651758670806885,0.43180757761001587,0.4199114143848419,0.4455481767654419,0.4625377953052521,0.4489046335220337,0.4386046528816223,0.650280237197876,0.5907584428787231,0.525073230266571,0.4821121096611023,0.4715536832809448,0.5423302054405212,0.47039175033569336,0.42494985461235046,0.38823166489601135,0.5528911352157593,0.4781348705291748,0.4412102699279785,0.4156033396720886,0.5646524429321289,0.4782025218009949,0.47989392280578613,0.5036267042160034,0.5747255682945251,0.5063112378120422,0.5046753883361816,0.5257238149642944,3.4740534715638205e-07,-0.012560569681227207,-0.02439161017537117,-0.03358796611428261,-0.04137767478823662,-0.043292418122291565,-0.05829276144504547,-0.06577252596616745,-0.07175347208976746,-0.04345238208770752,-0.056026991456747055,-0.05761565640568733,-0.06037258356809616,-0.04238737002015114,-0.053426649421453476,-0.04660404846072197,-0.04062477871775627,-0.04244605451822281,-0.05116014555096626,-0.04740668833255768,-0.04345916211605072
0.37795424461364746,0.3488475978374481,0.3532177209854126,0.38004904985427856,0.4083814322948456,0.3624918460845947,0.36221903562545776,0.36163824796676636,0.36294522881507874,0.39612051844596863,0.42436110973358154,0.4406713843345642,0.4562089741230011,0.4240417182445526,0.44813424348831177,0.4319205582141876,0.4194733202457428,0.44655460119247437,0.46364259719848633,0.4490776062011719,0.4384194612503052,0.6504086852073669,0.589997410774231,0.5246859192848206,0.48218443989753723,0.47313937544822693,0.5428705811500549,0.47060367465019226,0.42529433965682983,0.38854295015335083,0.5539267659187317,0.47780483961105347,0.4412720203399658,0.41578543186187744,0.5659145712852478,0.4774799942970276,0.4807831645011902,0.5054755806922913,0.5761348009109497,0.5070273876190186,0.5062413811683655,0.5276320576667786,3.488689230835007e-07,-0.01215848233550787,-0.023917442187666893,-0.0332547128200531,-0.04125034809112549,-0.04259513318538666,-0.05782760679721832,-0.06542538851499557,-0.07148686796426773,-0.04312705248594284,-0.05623165890574455,-0.05819668993353844,-0.06106412783265114,-0.042394835501909256,-0.054148782044649124,-0.04717673361301422,-0.040822163224220276,-0.042726483196020126,-0.05204199627041817,-0.04825111851096153,-0.0441027395427227
0.3785337507724762,0.34992554783821106,0.3544706106185913,0.38134777545928955,0.4086132347583771,0.36307045817375183,0.36306774616241455,0.36273589730262756,0.3640533685684204,0.3965919017791748,0.4249514937400818,0.4415896534919739,0.4572643041610718,0.4245893061161041,0.4485318064689636,0.43285518884658813,0.4206341803073883,0.44735997915267944,0.4646669030189514,0.4503489136695862,0.4397599697113037,0.6511285305023193,0.589480996131897,0.5242992043495178,0.4820752739906311,0.4743506908416748,0.5436147451400757,0.47111237049102783,0.4257891774177551,0.3891872763633728,0.5554801821708679,0.4795478284358978,0.44225355982780457,0.4166910648345947,0.5677617192268372,0.4794786870479584,0.48112791776657104,0.5050098299980164,0.5777607560157776,0.5078446865081787,0.5058631896972656,0.5267677307128906,3.476978065464209e-07,-0.012196769006550312,-0.024137036874890327,-0.0337551012635231,-0.04197036847472191,-0.042436618357896805,-0.05761323496699333,-0.06500788778066635,-0.07078909128904343,-0.04319797456264496,-0.05647260323166847,-0.05847472324967384,-0.06126090884208679,-0.04274566471576691,-0.05474470555782318,-0.04823075607419014,-0.04207155108451843,-0.04335993155837059,-0.052327223122119904,-0.048514898866415024,-0.044419024139642715
0.37899598479270935,0.3505726456642151,0.35479187965393066,0.3808492124080658,0.40755924582481384,0.36363914608955383,0.36321350932121277,0.362755686044693,0.36427149176597595,0.3968764841556549,0.4253990352153778,0.4420034885406494,0.4577300548553467,0.4248024821281433,0.45022687315940857,0.4350682497024536,0.42301657795906067,0.4474557042121887,0.46604183316230774,0.4520340859889984,0.44124239683151245,0.6504969596862793,0.5898901224136353,0.5252865552902222,0.4828643500804901,0.4744710922241211,0.542101263999939,0.47031402587890625,0.42510148882865906,0.3888986110687256,0.5539972186088562,0.478063702583313,0.44127434492111206,0.4162701368331909,0.5667774677276611,0.4791412651538849,0.48109179735183716,0.5053433775901794,0.5776786804199219,0.5080472826957703,0.5064098238945007,0.5277803540229797,3.483663704173523e-07,-0.01178364921361208,-0.02364109270274639,-0.03322284296154976,-0.04150495305657387,-0.04240269958972931,-0.05802730843424797,-0.06602189689874649,-0.0721556767821312,-0.04323805496096611,-0.05637841671705246,-0.05829867720603943,-0.06103050336241722,-0.04282408952713013,-0.05426887795329094,-0.047112252563238144,-0.040595706552267075,-0.043485451489686966,-0.0522148422896862,-0.04791419580578804,-0.04336027055978775
0.3794218599796295,0.3509339392185211,0.3553426265716553,0.38196617364883423,0.40931326150894165,0.3638830780982971,0.3633507788181305,0.3627817928791046,0.3641129732131958,0.3971956968307495,0.4256695508956909,0.44240429997444153,0.45820775628089905,0.4252094626426697,0.4507129192352295,0.4353964924812317,0.42304012179374695,0.447876513004303,0.46651390194892883,0.45239654183387756,0.44143548607826233,0.6505416631698608,0.5894807577133179,0.5247871279716492,0.4822755455970764,0.4749959409236908,0.5415992140769958,0.46949875354766846,0.42408591508865356,0.38773930072784424,0.5533183217048645,0.4769740104675293,0.439573734998703,0.41431963443756104,0.5662679076194763,0.4780336022377014,0.47931408882141113,0.503349781036377,0.5773453712463379,0.5076125860214233,0.5054631233215332,0.526720404624939,3.560980132988334e-07,-0.011704879812896252,-0.023625710979104042,-0.03323541581630707,-0.04160429909825325,-0.042974576354026794,-0.058636799454689026,-0.06668735295534134,-0.07292885333299637,-0.043845031410455704,-0.057092949748039246,-0.05913303419947624,-0.06202670559287071,-0.04337916523218155,-0.05462449789047241,-0.04733840003609657,-0.04086189344525337,-0.04399903491139412,-0.05263930559158325,-0.048337385058403015,-0.043822675943374634
0.37919318675994873,0.3512636125087738,0.3557964563369751,0.38210341334342957,0.40849465131759644,0.36369258165359497,0.3632771372795105,0.36293259263038635,0.3645344078540802,0.3969898521900177,0.42547810077667236,0.4426704943180084,0.4587547779083252,0.4252803921699524,0.4502606987953186,0.43533289432525635,0.4232848584651947,0.44820722937583923,0.4667821526527405,0.45298123359680176,0.4422726333141327,0.6498578786849976,0.589391827583313,0.5249698758125305,0.4821958541870117,0.47408193349838257,0.5413771271705627,0.4682914614677429,0.42259135842323303,0.3860757648944855,0.5525215268135071,0.4758678674697876,0.4385358691215515,0.413347452878952,0.5650637745857239,0.4769974946975708,0.47935742139816284,0.5039618015289307,0.5760965347290039,0.5067296624183655,0.5049654841423035,0.5262840390205383,3.561256676221092e-07,-0.011834057979285717,-0.024143725633621216,-0.03408409655094147,-0.04278671741485596,-0.04419606178998947,-0.06026643142104149,-0.06841469556093216,-0.07462401688098907,-0.04509304091334343,-0.05845436826348305,-0.060302358120679855,-0.06305909156799316,-0.04459154233336449,-0.055624715983867645,-0.04780566692352295,-0.04105723276734352,-0.04522394388914108,-0.0534428209066391,-0.04865569993853569,-0.04386645928025246
0.37908804416656494,0.35135677456855774,0.3561462461948395,0.3822407126426697,0.40868398547172546,0.3638272285461426,0.36320918798446655,0.36260685324668884,0.36403393745422363,0.39699387550354004,0.4252866506576538,0.44230917096138,0.4584159851074219,0.42503687739372253,0.44996750354766846,0.4347313344478607,0.42251506447792053,0.4477539658546448,0.46622082591056824,0.4525296092033386,0.44191157817840576,0.6499441862106323,0.5882953405380249,0.5236923694610596,0.4810691773891449,0.4739069938659668,0.5409401059150696,0.46751755475997925,0.42178452014923096,0.3852813243865967,0.5526295304298401,0.4754803776741028,0.4377211928367615,0.41240134835243225,0.5652297139167786,0.476376473903656,0.4782428443431854,0.5026735067367554,0.5757521986961365,0.5056813955307007,0.5037562251091003,0.5249732136726379,3.586306718261767e-07,-0.011900655925273895,-0.024111850187182426,-0.033970847725868225,-0.04252849891781807,-0.04356098175048828,-0.059400852769613266,-0.06731510162353516,-0.07330189645290375,-0.044339559972286224,-0.05774211511015892,-0.05971508473157883,-0.0624760203063488,-0.043758928775787354,-0.055144067853689194,-0.0477883405983448,-0.041156236082315445,-0.04426179081201553,-0.05265495181083679,-0.0481179840862751,-0.04341031238436699
0.37865298986434937,0.3508039712905884,0.35549822449684143,0.38170546293258667,0.407820463180542,0.3627168536186218,0.36274203658103943,0.3624754548072815,0.36410537362098694,0.3960336148738861,0.4244905412197113,0.4421558082103729,0.4586341083049774,0.4242919683456421,0.4496350884437561,0.43522268533706665,0.42319270968437195,0.44721055030822754,0.4658955931663513,0.4526081681251526,0.44196587800979614,0.6494077444076538,0.5887850522994995,0.5242860913276672,0.48100438714027405,0.47346121072769165,0.5395564436912537,0.4659312665462494,0.4205564260482788,0.38411128520965576,0.5507042407989502,0.47351983189582825,0.4359242022037506,0.41056299209594727,0.5634430050849915,0.4751288890838623,0.476910799741745,0.5009430050849915,0.5744897723197937,0.5048105716705322,0.5026730895042419,0.5235170125961304,3.58779601583592e-07,-0.011841093190014362,-0.023937063291668892,-0.03364569693803787,-0.04205877333879471,-0.04354988411068916,-0.05900226905941963,-0.06665931642055511,-0.07253110408782959,-0.044363655149936676,-0.057114116847515106,-0.058780454099178314,-0.06150117889046669,-0.04380981624126434,-0.05444857478141785,-0.046990878880023956,-0.04060235619544983,-0.04437507316470146,-0.05222562700510025,-0.04757380485534668,-0.04299185425043106
0.3784232437610626,0.35080355405807495,0.3557213544845581,0.3819440007209778,0.4079475998878479,0.36263811588287354,0.3622537851333618,0.3617401123046875,0.36313003301620483,0.396126389503479,0.424235999584198,0.4416550397872925,0.45765984058380127,0.42440181970596313,0.44905680418014526,0.4338449537754059,0.4212288558483124,0.4471442401409149,0.4651741087436676,0.4513448476791382,0.4402502477169037,0.6474959254264832,0.5859339833259583,0.5214483737945557,0.4780116379261017,0.4718720316886902,0.5388298630714417,0.4654353857040405,0.4197414517402649,0.38297080993652344,0.5493382215499878,0.4722525477409363,0.4343743324279785,0.4087603688240051,0.5612406730651855,0.47289350628852844,0.47545936703681946,0.5000348091125488,0.5717369318008423,0.5025584101676941,0.5009322762489319,0.5220885276794434,3.687675587116246e-07,-0.012207354418933392,-0.024627387523651123,-0.03459260240197182,-0.04332764446735382,-0.04443003237247467,-0.0602484755218029,-0.06803130358457565,-0.07403238117694855,-0.04502781108021736,-0.05846351012587547,-0.060339923948049545,-0.06315233558416367,-0.044237155467271805,-0.05544460564851761,-0.047857046127319336,-0.04120843484997749,-0.04457809776067734,-0.052807971835136414,-0.04829741641879082,-0.043761901557445526
0.37831342220306396,0.350463330745697,0.3546451926231384,0.38045069575309753,0.4064922332763672,0.36237937211990356,0.3619564473628998,0.36141112446784973,0.36268317699432373,0.3955948054790497,0.4238884150981903,0.44158118963241577,0.4576477110385895,0.42361706495285034,0.4491862654685974,0.43473514914512634,0.4223487675189972,0.4462814927101135,0.46524927020072937,0.45189207792282104,0.4407877027988434,0.6470664739608765,0.585686445236206,0.5217786431312561,0.47852495312690735,0.4701422154903412,0.5360952615737915,0.4632282257080078,0.41767430305480957,0.38116663694381714,0.5470564365386963,0.47099077701568604,0.4332164227962494,0.4075363278388977,0.559784471988678,0.472225546836853,0.4736403226852417,0.49690213799476624,0.5712732076644897,0.5026080012321472,0.5002121925354004,0.520126461982727,3.569436444195162e-07,-0.01101586315780878,-0.02302868291735649,-0.032832708209753036,-0.04135400801897049,-0.042799241840839386,-0.0585150383412838,-0.06668905168771744,-0.07299564778804779,-0.043958719819784164,-0.05658898875117302,-0.05838748440146446,-0.06140342727303505,-0.0437130481004715,-0.05366918817162514,-0.04556165635585785,-0.03902778774499893,-0.04460335150361061,-0.05182074010372162,-0.04669036343693733,-0.04190530627965927
0.37712177634239197,0.35012558102607727,0.3553982973098755,0.3815576732158661,0.4076540470123291,0.3624303936958313,0.36149734258651733,0.3603389859199524,0.36116498708724976,0.3954949378967285,0.42358312010765076,0.44116532802581787,0.4574646055698395,0.4233537018299103,0.4492539167404175,0.43400126695632935,0.42106443643569946,0.44606730341911316,0.4647810757160187,0.4511628746986389,0.4397972822189331,0.6462829113006592,0.5841857194900513,0.5200015306472778,0.4773399233818054,0.4701521098613739,0.5327138304710388,0.4618038237094879,0.41671672463417053,0.38040030002593994,0.5436224937438965,0.46920299530029297,0.4310929775238037,0.40531614422798157,0.5570788979530334,0.47120237350463867,0.47381994128227234,0.4980572760105133,0.5696280002593994,0.502255916595459,0.5006169080734253,0.5211552381515503,3.7095992411195766e-07,-0.010893403552472591,-0.0228358693420887,-0.03279636800289154,-0.04156123846769333,-0.04136398434638977,-0.05677403509616852,-0.06489503383636475,-0.07133910804986954,-0.042745742946863174,-0.0559905581176281,-0.058518942445516586,-0.061958324164152145,-0.04276590049266815,-0.05342741310596466,-0.04561910033226013,-0.03907579928636551,-0.04390665143728256,-0.05179202929139137,-0.04701358824968338,-0.04233406484127045
0.37752413749694824,0.349926233291626,0.3547113835811615,0.3809652626514435,0.4072096645832062,0.3626127243041992,0.3614605665206909,0.3603418171405792,0.3612247705459595,0.39588525891304016,0.4239010214805603,0.44140303134918213,0.4579848647117615,0.4237487316131592,0.44798165559768677,0.4321869909763336,0.4196699857711792,0.44649505615234375,0.46435827016830444,0.45050108432769775,0.43962380290031433,0.6458698511123657,0.5831159949302673,0.5186648964881897,0.47603315114974976,0.467772513628006,0.5332392454147339,0.46125516295433044,0.4158294200897217,0.3790248930454254,0.5438122749328613,0.4686228632926941,0.43050360679626465,0.4043489098548889,0.5567961931228638,0.4700070321559906,0.47373026609420776,0.4989567995071411,0.5690581798553467,0.5011141300201416,0.4999087452888489,0.5210438370704651,3.669375985282386e-07,-0.011283930391073227,-0.02337939850986004,-0.033448804169893265,-0.042268622666597366,-0.0419253371655941,-0.05753425881266594,-0.06560783833265305,-0.07198385149240494,-0.04322125017642975,-0.05658786743879318,-0.05896531417965889,-0.062256768345832825,-0.043184731155633926,-0.054246388375759125,-0.04622602090239525,-0.03939545899629593,-0.04430461674928665,-0.052568331360816956,-0.047713667154312134,-0.04290669038891792
0.3775552213191986,0.3496474623680115,0.3547613322734833,0.381253182888031,0.407890260219574,0.36263352632522583,0.3614238202571869,0.3603653013706207,0.3612818121910095,0.3960658609867096,0.4243060052394867,0.44228890538215637,0.45927783846855164,0.42403775453567505,0.4478456377983093,0.43205881118774414,0.41960734128952026,0.44687095284461975,0.46437546610832214,0.45052605867385864,0.43969300389289856,0.6457725763320923,0.5835151672363281,0.5187510251998901,0.4759025275707245,0.4667852222919464,0.5333263278007507,0.4603254497051239,0.41456925868988037,0.3774048686027527,0.5433105826377869,0.4678109884262085,0.4295741319656372,0.4033054709434509,0.5559262633323669,0.46901246905326843,0.47368037700653076,0.49930375814437866,0.5680665969848633,0.5007333755493164,0.4997062087059021,0.5206369161605835,3.740676106644969e-07,-0.011568950489163399,-0.02390012890100479,-0.03415374830365181,-0.043119315057992935,-0.042765211313962936,-0.05850096791982651,-0.06651539355516434,-0.07282740622758865,-0.043944571167230606,-0.05751390755176544,-0.059854697436094284,-0.06306544691324234,-0.04376088082790375,-0.054986704140901566,-0.04680601507425308,-0.03979765996336937,-0.04474886134266853,-0.052994877099990845,-0.04802950099110603,-0.04312841221690178
0.377168208360672,0.34932464361190796,0.3542990982532501,0.380623459815979,0.4082105755805969,0.36229291558265686,0.36133623123168945,0.36055007576942444,0.3617987036705017,0.3955432176589966,0.42384791374206543,0.4422515630722046,0.45961993932724,0.4234076142311096,0.4476763606071472,0.43159085512161255,0.41859304904937744,0.44624418020248413,0.4639805853366852,0.4500579237937927,0.43894481658935547,0.6456760168075562,0.5837534070014954,0.5193905234336853,0.4768897593021393,0.46725934743881226,0.5325220823287964,0.45924901962280273,0.4133208990097046,0.37612125277519226,0.5427030324935913,0.4673417806625366,0.42876553535461426,0.40213119983673096,0.5553897619247437,0.4691532254219055,0.4735918939113617,0.4988471269607544,0.567310094833374,0.5002767443656921,0.4989417493343353,0.5191928148269653,3.778123129904998e-07,-0.011674407869577408,-0.02411237359046936,-0.03446874022483826,-0.0434936061501503,-0.04288993030786514,-0.05890314280986786,-0.06712915748357773,-0.07360100746154785,-0.04398614913225174,-0.05791142210364342,-0.06054770201444626,-0.06400255858898163,-0.043761808425188065,-0.055137500166893005,-0.04715768247842789,-0.04034998267889023,-0.04472789540886879,-0.05327797308564186,-0.04871843010187149,-0.0441131517291069
0.3769018352031708,0.3488892614841461,0.3544578552246094,0.38082993030548096,0.4066414535045624,0.3625076711177826,0.36185353994369507,0.3610245883464813,0.36211612820625305,0.3954608738422394,0.424404114484787,0.44301551580429077,0.4605565071105957,0.42318230867385864,0.44804415106773376,0.43290185928344727,0.42073503136634827,0.44569697976112366,0.46438437700271606,0.45116159319877625,0.4406720697879791,0.6461342573165894,0.5848265290260315,0.5202884078025818,0.4771811366081238,0.46573230624198914,0.5334698557853699,0.45926961302757263,0.41304028034210205,0.3755776882171631,0.543606162071228,0.46705082058906555,0.428354948759079,0.40121757984161377,0.5563910603523254,0.46909990906715393,0.47315502166748047,0.4977232813835144,0.5686611533164978,0.501289427280426,0.49981093406677246,0.5195804238319397,3.7874653457947716e-07,-0.011432805098593235,-0.023854970932006836,-0.03402875363826752,-0.042892180383205414,-0.04410490021109581,-0.06021483615040779,-0.06852385401725769,-0.07498855888843536,-0.04518183693289757,-0.05855818837881088,-0.060723938047885895,-0.0639864131808281,-0.04478905722498894,-0.055149514228105545,-0.04650101810693741,-0.03958716243505478,-0.045613955706357956,-0.053213413804769516,-0.04797443374991417,-0.04308604821562767
0.37676504254341125,0.34842997789382935,0.3537087142467499,0.3800927698612213,0.4070852994918823,0.36185476183891296,0.36128315329551697,0.36049291491508484,0.36161330342292786,0.3951517939567566,0.42394623160362244,0.4426553249359131,0.4599723517894745,0.42298761010169983,0.4475877285003662,0.432300329208374,0.41960304975509644,0.44558122754096985,0.4632919430732727,0.4497721493244171,0.43870726227760315,0.6458408832550049,0.5838186740875244,0.5188801884651184,0.47531288862228394,0.4655291438102722,0.531861424446106,0.4586532711982727,0.41268426179885864,0.375336229801178,0.5421366691589355,0.46624207496643066,0.4275735318660736,0.4005306661128998,0.5548092126846313,0.4677847921848297,0.47207242250442505,0.49711692333221436,0.5666968822479248,0.49893391132354736,0.4977966845035553,0.5182104110717773,3.7711876643697906e-07,-0.01152520440518856,-0.02378467656672001,-0.033848684281110764,-0.04261613264679909,-0.04339465871453285,-0.05943271145224571,-0.0677294209599495,-0.07425191253423691,-0.04440423473715782,-0.05796639248728752,-0.06028072535991669,-0.06360781192779541,-0.04402795806527138,-0.05502638965845108,-0.04683556407690048,-0.03998030349612236,-0.04481273517012596,-0.05306808650493622,-0.04825231805443764,-0.04349331185221672
0.3775845468044281,0.3481677174568176,0.35241803526878357,0.37877264618873596,0.40558767318725586,0.36146122217178345,0.36052027344703674,0.35949796438217163,0.360127717256546,0.3949236571788788,0.4231051504611969,0.44149836897850037,0.4582977592945099,0.42297080159187317,0.44640985131263733,0.4319154918193817,0.41993534564971924,0.4454137682914734,0.4624826908111572,0.44933801889419556,0.439045786857605,0.6474466919898987,0.5867154002189636,0.5215047597885132,0.47659510374069214,0.4650074243545532,0.536742091178894,0.46136993169784546,0.4146255850791931,0.3767854571342468,0.5460242033004761,0.4680759310722351,0.42890283465385437,0.40181875228881836,0.5573216080665588,0.468438059091568,0.4702366292476654,0.4936089515686035,0.5677996277809143,0.49903106689453125,0.49715033173561096,0.5170732140541077,3.6085415899833606e-07,-0.011767986230552197,-0.02409268543124199,-0.033934615552425385,-0.04243363440036774,-0.04503399506211281,-0.06107707694172859,-0.06913525611162186,-0.07538244873285294,-0.04569550231099129,-0.05881328508257866,-0.06055621802806854,-0.06356234848499298,-0.04489731788635254,-0.055268917232751846,-0.04719606786966324,-0.040705032646656036,-0.04525446891784668,-0.05294055864214897,-0.048151660710573196,-0.043640803545713425
0.37584188580513,0.3472585380077362,0.35217103362083435,0.3787073791027069,0.404955118894577,0.3603261709213257,0.3589226007461548,0.3577429950237274,0.35862451791763306,0.39376622438430786,0.4212205708026886,0.4392586052417755,0.4557757079601288,0.4218079149723053,0.4461320638656616,0.4319109320640564,0.41973426938056946,0.444275826215744,0.4614631235599518,0.44842013716697693,0.4376557469367981,0.646671712398529,0.5844984650611877,0.5191196799278259,0.4739784300327301,0.46417146921157837,0.5339617133140564,0.46062541007995605,0.4146062731742859,0.3774298429489136,0.5441061854362488,0.46764320135116577,0.4282711148262024,0.40061911940574646,0.5560532212257385,0.46804019808769226,0.4702531695365906,0.49432915449142456,0.5669880509376526,0.4980098307132721,0.4963204860687256,0.5170064568519592,3.632441121226293e-07,-0.011556665413081646,-0.023553572595119476,-0.03316811844706535,-0.041453439742326736,-0.043592553585767746,-0.05902182310819626,-0.0668150931596756,-0.0729973241686821,-0.044399913400411606,-0.05726640298962593,-0.05909358337521553,-0.06222882494330406,-0.04382117837667465,-0.05438563600182533,-0.04667602479457855,-0.04033379629254341,-0.04437289386987686,-0.05240989848971367,-0.04798825830221176,-0.043680340051651
0.37668246030807495,0.34763556718826294,0.3512077331542969,0.3765805959701538,0.4022162854671478,0.35932159423828125,0.3576275408267975,0.3566822111606598,0.3577394485473633,0.39285901188850403,0.41979631781578064,0.4374738037586212,0.45357415080070496,0.42127469182014465,0.4447706341743469,0.4303975999355316,0.41833212971687317,0.44418027997016907,0.4610094428062439,0.4476200342178345,0.43687647581100464,0.6462957262992859,0.5855223536491394,0.5197232961654663,0.4731079339981079,0.4635694622993469,0.5368490815162659,0.4610055387020111,0.4142630994319916,0.37675005197525024,0.5466568470001221,0.46735361218452454,0.42740797996520996,0.3998943567276001,0.5576251149177551,0.46686530113220215,0.46920132637023926,0.4935983121395111,0.5673920512199402,0.4965880215167999,0.49516618251800537,0.5163018703460693,3.5610116810858017e-07,-0.012271440587937832,-0.024831844493746758,-0.034782133996486664,-0.043288324028253555,-0.04619471728801727,-0.06230517476797104,-0.0700160413980484,-0.07591899484395981,-0.04671382158994675,-0.06015203148126602,-0.06177857145667076,-0.06464091688394547,-0.04573922976851463,-0.05668651685118675,-0.04869226738810539,-0.041998498141765594,-0.04590925574302673,-0.053954873234033585,-0.04932752251625061,-0.0448397621512413
0.3765038251876831,0.3472748398780823,0.3507852554321289,0.3757869005203247,0.40097329020500183,0.35904818773269653,0.35688886046409607,0.3554533123970032,0.3560534119606018,0.39247211813926697,0.41912412643432617,0.43670129776000977,0.4530266523361206,0.42077183723449707,0.4439050257205963,0.42966705560684204,0.41796836256980896,0.44346141815185547,0.4606955647468567,0.4472852647304535,0.4367033839225769,0.6470381617546082,0.5873508453369141,0.52164226770401,0.4746123254299164,0.4631124436855316,0.53811115026474,0.46160879731178284,0.4141458570957184,0.37626734375953674,0.5470792055130005,0.4675174951553345,0.42726433277130127,0.39918920397758484,0.5575752258300781,0.46726691722869873,0.46891719102859497,0.4924282431602478,0.5670257806777954,0.4967057406902313,0.49471038579940796,0.5150455832481384,3.571909701349796e-07,-0.012278812937438488,-0.02468916028738022,-0.0343814417719841,-0.042614128440618515,-0.046654194593429565,-0.06294601410627365,-0.07088185101747513,-0.07690437883138657,-0.046984776854515076,-0.06011475995182991,-0.061415232717990875,-0.06411507725715637,-0.04581514373421669,-0.056064900010824203,-0.047683533281087875,-0.04099159315228462,-0.04585450887680054,-0.05345936492085457,-0.04862756282091141,-0.04409899562597275
0.37546345591545105,0.34630346298217773,0.3498173952102661,0.375296413898468,0.4008885324001312,0.3584742546081543,0.3561966121196747,0.35467496514320374,0.3553323745727539,0.3921290934085846,0.418802410364151,0.4362357258796692,0.4523965120315552,0.4203714430332184,0.44424867630004883,0.4297742545604706,0.41759705543518066,0.4429759085178375,0.46043458580970764,0.44701087474823,0.43593630194664,0.6465308666229248,0.5858103036880493,0.5200495719909668,0.473617821931839,0.4625645577907562,0.5353331565856934,0.46027007699012756,0.41305530071258545,0.37532010674476624,0.5451754927635193,0.46689245104789734,0.42631641030311584,0.3977419137954712,0.5564203858375549,0.46715331077575684,0.4684419333934784,0.4921828508377075,0.5663989782333374,0.49636179208755493,0.494143545627594,0.5147249698638916,3.675772006772604e-07,-0.012013708241283894,-0.0242750383913517,-0.03397279977798462,-0.042243942618370056,-0.04506523534655571,-0.06100790575146675,-0.0690237432718277,-0.07524595409631729,-0.045562826097011566,-0.058679766952991486,-0.060374412685632706,-0.06339826434850693,-0.04464605823159218,-0.05508441478013992,-0.04702730104327202,-0.04045919328927994,-0.04491451382637024,-0.05277823656797409,-0.048177510499954224,-0.043735552579164505
0.37541723251342773,0.3456806540489197,0.34961459040641785,0.3757081627845764,0.40128764510154724,0.35824334621429443,0.35624176263809204,0.35471972823143005,0.3553691506385803,0.3918240964412689,0.41912955045700073,0.43629953265190125,0.4525187611579895,0.4202348291873932,0.44399768114089966,0.4288540780544281,0.41673052310943604,0.4432751536369324,0.4608210325241089,0.4469807744026184,0.4361841082572937,0.6461208462715149,0.5860252976417542,0.5193445086479187,0.4731217920780182,0.4623859226703644,0.5365352034568787,0.4605104923248291,0.412736177444458,0.37439993023872375,0.5465392470359802,0.4667714238166809,0.4259899854660034,0.3971193730831146,0.5578122138977051,0.4665973484516144,0.4691663980484009,0.4941922128200531,0.5677876472473145,0.49615585803985596,0.49463874101638794,0.5161805152893066,3.662048300157039e-07,-0.012383892200887203,-0.025006195530295372,-0.034941986203193665,-0.04346606135368347,-0.0468376949429512,-0.06298578530550003,-0.07085501402616501,-0.07694727182388306,-0.04728199914097786,-0.06030670180916786,-0.061499666422605515,-0.06418096274137497,-0.04621272534132004,-0.056725334376096725,-0.04822944477200508,-0.041305165737867355,-0.046352677047252655,-0.054394759237766266,-0.04958784580230713,-0.04498440772294998
0.3748556077480316,0.3456265926361084,0.34976473450660706,0.37594592571258545,0.4023083746433258,0.3581945598125458,0.3562411665916443,0.35466060042381287,0.3554602265357971,0.3915213644504547,0.41835853457450867,0.4357258975505829,0.45223289728164673,0.4197467267513275,0.44399598240852356,0.42931878566741943,0.41712579131126404,0.44248872995376587,0.4602116644382477,0.44666406512260437,0.43570104241371155,0.6454590559005737,0.5852463245391846,0.5192660093307495,0.4734361171722412,0.4617106020450592,0.5343447327613831,0.45893728733062744,0.4115365743637085,0.37353360652923584,0.5442233681678772,0.4657554030418396,0.4253368377685547,0.3965112268924713,0.5559596419334412,0.4666171669960022,0.4693795144557953,0.4942064583301544,0.5667144656181335,0.49634820222854614,0.4948359727859497,0.516007661819458,3.658080629520555e-07,-0.012450176291167736,-0.025093842297792435,-0.035141970962285995,-0.04377998784184456,-0.04580770432949066,-0.06205293536186218,-0.0701742023229599,-0.07645612955093384,-0.04629726707935333,-0.059455011039972305,-0.06093382090330124,-0.06385249644517899,-0.04543191194534302,-0.05596631020307541,-0.047586459666490555,-0.0408448651432991,-0.0458226278424263,-0.05395235866308212,-0.04927542805671692,-0.044793304055929184
0.3744677007198334,0.34509915113449097,0.3494255840778351,0.3756292760372162,0.40072765946388245,0.35792770981788635,0.3560043275356293,0.3546067774295807,0.3554026782512665,0.39127302169799805,0.41832593083381653,0.4359716475009918,0.4525604844093323,0.41967761516571045,0.44418060779571533,0.4298849403858185,0.4179515242576599,0.4426102042198181,0.4605572819709778,0.44717177748680115,0.4363388121128082,0.6457167267799377,0.5864353179931641,0.5199847221374512,0.4734112024307251,0.46094197034835815,0.5348907113075256,0.4589686989784241,0.41108211874961853,0.37285932898521423,0.5445898175239563,0.46555566787719727,0.424670934677124,0.39573216438293457,0.5560276508331299,0.46611613035202026,0.4686446189880371,0.4934026598930359,0.5663604736328125,0.49572867155075073,0.4943656325340271,0.5157433748245239,3.6352051324684e-07,-0.012189791537821293,-0.024690505117177963,-0.03452195227146149,-0.04296422749757767,-0.046550553292036057,-0.06298793107271194,-0.07124622911214828,-0.07755690068006516,-0.0470525361597538,-0.06020711362361908,-0.06164972484111786,-0.06456157565116882,-0.04608260095119476,-0.0564989373087883,-0.04806770756840706,-0.04133220762014389,-0.04632679745554924,-0.054403942078351974,-0.049654778093099594,-0.04510939121246338
0.37403517961502075,0.34510111808776855,0.3491392135620117,0.375357985496521,0.4010360538959503,0.3574313819408417,0.35569465160369873,0.3543519973754883,0.35515549778938293,0.39074644446372986,0.4174366295337677,0.4350906312465668,0.4518696665763855,0.41918501257896423,0.4434640407562256,0.4289732277393341,0.4169422686100006,0.4421877861022949,0.45985352993011475,0.4462484121322632,0.4353027939796448,0.6464903354644775,0.5871435403823853,0.5204386115074158,0.4735347330570221,0.46062445640563965,0.536393940448761,0.4589397609233856,0.4108945429325104,0.3726447820663452,0.5465763211250305,0.46625784039497375,0.42494893074035645,0.3959636688232422,0.5578643083572388,0.46648964285850525,0.46807044744491577,0.492227166891098,0.5673180818557739,0.495672345161438,0.4937620759010315,0.5148903131484985,3.5890835192731174e-07,-0.012455527670681477,-0.02478499338030815,-0.034515637904405594,-0.04272039979696274,-0.04577592387795448,-0.06179758161306381,-0.06943057477474213,-0.07519957423210144,-0.0462275967001915,-0.05947812274098396,-0.060925308614969254,-0.06368602067232132,-0.045315686613321304,-0.05628867819905281,-0.04846003279089928,-0.04191011190414429,-0.045596927404403687,-0.05404333025217056,-0.04969049617648125,-0.04534539952874184
0.3738771677017212,0.3448030352592468,0.3483702540397644,0.37416455149650574,0.3994400203227997,0.357243150472641,0.35526731610298157,0.3540184199810028,0.3549618124961853,0.390607088804245,0.41746482253074646,0.4347197115421295,0.45102113485336304,0.41878563165664673,0.44363710284233093,0.4290926158428192,0.41694483160972595,0.4414137601852417,0.4596722424030304,0.44628840684890747,0.43519097566604614,0.6458957195281982,0.5862079858779907,0.5202601552009583,0.4736073911190033,0.45977792143821716,0.5351123213768005,0.45805954933166504,0.41020315885543823,0.3719329833984375,0.5449719429016113,0.46493086218833923,0.42403751611709595,0.3952212333679199,0.5564313530921936,0.465542197227478,0.4683874249458313,0.4929596781730652,0.566500186920166,0.4957593083381653,0.49447575211524963,0.515601396560669,3.5998488101540715e-07,-0.011921062134206295,-0.02411501854658127,-0.03388112410902977,-0.04214651137590408,-0.04485116899013519,-0.060879454016685486,-0.06854613125324249,-0.07432644069194794,-0.045654501765966415,-0.058893848210573196,-0.06043604388833046,-0.06327921152114868,-0.045099180191755295,-0.05625808238983154,-0.04821912571787834,-0.04147162288427353,-0.04567558690905571,-0.054199863225221634,-0.049620598554611206,-0.04506324976682663
0.37333858013153076,0.3439183533191681,0.34736764430999756,0.37315401434898376,0.3985813856124878,0.35648661851882935,0.3549943268299103,0.35390424728393555,0.3549589514732361,0.38989534974098206,0.41690245270729065,0.4342014193534851,0.4503670632839203,0.4181773364543915,0.442611426115036,0.4284193217754364,0.41631969809532166,0.44083720445632935,0.45846477150917053,0.44526684284210205,0.4344748854637146,0.6462433934211731,0.5880668759346008,0.5218125581741333,0.4742256999015808,0.4597032368183136,0.5359264612197876,0.45752131938934326,0.4093494415283203,0.37103262543678284,0.5458381772041321,0.4647582471370697,0.42331382632255554,0.3939790427684784,0.5570986270904541,0.4653072655200958,0.4674621522426605,0.4911423623561859,0.5668025612831116,0.4951161742210388,0.49406570196151733,0.515057384967804,3.593102917420765e-07,-0.012310695834457874,-0.024791760370135307,-0.03459901735186577,-0.04289272427558899,-0.0462646409869194,-0.06230064481496811,-0.06979444622993469,-0.07540057599544525,-0.046827174723148346,-0.05988520011305809,-0.0611766017973423,-0.06386411190032959,-0.04594970494508743,-0.05672485753893852,-0.04856010526418686,-0.04187115281820297,-0.046207062900066376,-0.05433032289147377,-0.04948633536696434,-0.04484027251601219
0.37253960967063904,0.34322595596313477,0.34694549441337585,0.37296128273010254,0.3984864056110382,0.355924516916275,0.3543063700199127,0.35314518213272095,0.35405439138412476,0.38937801122665405,0.4161641597747803,0.43364307284355164,0.45005032420158386,0.4175775945186615,0.4425581395626068,0.42844757437705994,0.4163523018360138,0.44012966752052307,0.45855778455734253,0.4453481137752533,0.4341939687728882,0.6470829248428345,0.5872647762298584,0.5212359428405762,0.4745369851589203,0.46046483516693115,0.53382807970047,0.45713263750076294,0.4093817472457886,0.3712037205696106,0.5440674424171448,0.4645143747329712,0.4233182668685913,0.3939198851585388,0.5560998916625977,0.46590399742126465,0.467923104763031,0.49174395203590393,0.5667098760604858,0.4961875081062317,0.4947154223918915,0.515496551990509,3.596585997911461e-07,-0.011425938457250595,-0.023308200761675835,-0.03284135088324547,-0.04084678739309311,-0.04370206594467163,-0.059255216270685196,-0.06687407195568085,-0.07269414514303207,-0.04466169700026512,-0.057266946882009506,-0.05866936221718788,-0.061529647558927536,-0.044266343116760254,-0.05465245619416237,-0.046523187309503555,-0.03992230072617531,-0.04501338675618172,-0.05292777717113495,-0.04813883453607559,-0.04353561997413635
0.3731614351272583,0.34264811873435974,0.3457910418510437,0.3720753490924835,0.39775246381759644,0.35522645711898804,0.3543348014354706,0.3533928692340851,0.3541974723339081,0.38881173729896545,0.41586339473724365,0.4334874749183655,0.4496707022190094,0.4170786738395691,0.44178807735443115,0.42802709341049194,0.41604188084602356,0.4397248327732086,0.45747891068458557,0.4448360800743103,0.43430599570274353,0.6468899250030518,0.5888096690177917,0.5221701264381409,0.4748576581478119,0.4602389931678772,0.5363865494728088,0.45749056339263916,0.40911197662353516,0.3704870939254761,0.5468496084213257,0.4648972153663635,0.42294183373451233,0.39309316873550415,0.5583134293556213,0.4650019407272339,0.46617355942726135,0.4895496964454651,0.5677459836006165,0.4951421618461609,0.4938782751560211,0.5147618651390076,3.6264904679228493e-07,-0.01194723229855299,-0.024370715022087097,-0.03402218967676163,-0.04216631501913071,-0.04699046537280083,-0.06269628554582596,-0.07003600150346756,-0.07568082958459854,-0.04757993295788765,-0.0602140910923481,-0.06133415922522545,-0.06415802985429764,-0.046569935977458954,-0.05679292976856232,-0.04842212796211243,-0.04186424985527992,-0.04665537178516388,-0.05448676645755768,-0.04952864721417427,-0.0449385866522789
0.3721456527709961,0.34268438816070557,0.3459523618221283,0.3719601035118103,0.3973461389541626,0.355021595954895,0.35393986105918884,0.3528224527835846,0.3535131514072418,0.3882901072502136,0.4147814214229584,0.4323979318141937,0.44861504435539246,0.41634562611579895,0.4415048658847809,0.42831602692604065,0.41647860407829285,0.43869492411613464,0.4572623372077942,0.44479772448539734,0.4338855445384979,0.6463372111320496,0.5889743566513062,0.522854745388031,0.4755534529685974,0.4601036310195923,0.534268856048584,0.4568495452404022,0.40869849920272827,0.3704393208026886,0.5440804362297058,0.4641537368297577,0.42233091592788696,0.39236021041870117,0.5558725595474243,0.4663887023925781,0.46816694736480713,0.4912962317466736,0.5664109587669373,0.496066153049469,0.4948681592941284,0.5154353976249695,3.636013161667506e-07,-0.011658983305096626,-0.023799128830432892,-0.03345430642366409,-0.04164639860391617,-0.044815678149461746,-0.060361217707395554,-0.06788113713264465,-0.07360148429870605,-0.045640427619218826,-0.05807698890566826,-0.059273459017276764,-0.06206623092293739,-0.04507753998041153,-0.05505583435297012,-0.04678000137209892,-0.04029609635472298,-0.04567248001694679,-0.05328626185655594,-0.04833369702100754,-0.043746765702962875
0.3729780912399292,0.3423644006252289,0.34496212005615234,0.3707107901573181,0.3965799808502197,0.35560405254364014,0.35465842485427856,0.35336267948150635,0.35388654470443726,0.3891572654247284,0.4161916673183441,0.43331730365753174,0.4492515027523041,0.4170830249786377,0.4425540268421173,0.428640753030777,0.41680070757865906,0.43931278586387634,0.4580499827861786,0.44533470273017883,0.4347273111343384,0.6453444361686707,0.5885637998580933,0.5228522419929504,0.47603848576545715,0.46155256032943726,0.5335800051689148,0.4558941721916199,0.4081847667694092,0.37000328302383423,0.5433862805366516,0.46258628368377686,0.4218868017196655,0.39260342717170715,0.5556043386459351,0.4642602205276489,0.46755945682525635,0.49167969822883606,0.566750168800354,0.49617868661880493,0.4957280158996582,0.5166102647781372,3.693683652272739e-07,-0.011324863880872726,-0.023578323423862457,-0.03327995538711548,-0.04162130132317543,-0.04602022469043732,-0.06169833242893219,-0.06927423924207687,-0.07515092939138412,-0.046957213431596756,-0.05935309827327728,-0.06047159060835838,-0.0632934719324112,-0.046274978667497635,-0.05604393035173416,-0.04708714783191681,-0.04024321213364601,-0.0466776117682457,-0.054321106523275375,-0.04899945855140686,-0.044102877378463745
0.3717397153377533,0.34253862500190735,0.3462711572647095,0.37247443199157715,0.3974214196205139,0.35512423515319824,0.35416918992996216,0.35313674807548523,0.3540499210357666,0.38855186104774475,0.41492271423339844,0.43254339694976807,0.4488821029663086,0.4165782332420349,0.44146785140037537,0.4278545081615448,0.4157525599002838,0.4388847053050995,0.4568142294883728,0.4439902901649475,0.4328840374946594,0.645320475101471,0.5867575407028198,0.5212366580963135,0.4747604727745056,0.45980560779571533,0.5314228534698486,0.45535722374916077,0.40772122144699097,0.3697347044944763,0.5417846441268921,0.4630202054977417,0.42122986912727356,0.39142608642578125,0.5543238520622253,0.4654291272163391,0.4663493037223816,0.4889039397239685,0.5655681490898132,0.49567973613739014,0.4940662980079651,0.5143641829490662,3.632325160651817e-07,-0.011051615700125694,-0.0229731947183609,-0.032515913248062134,-0.04071680083870888,-0.04426165297627449,-0.059754516929388046,-0.06745894998311996,-0.07341742515563965,-0.04542970657348633,-0.05796762928366661,-0.05957578122615814,-0.06271380931138992,-0.04513182491064072,-0.05495191738009453,-0.04674222320318222,-0.04042098671197891,-0.04594879969954491,-0.053513869643211365,-0.04859035089612007,-0.04404081404209137
0.3727484941482544,0.34237056970596313,0.34512990713119507,0.37134456634521484,0.39691779017448425,0.35471034049987793,0.3536984622478485,0.35275185108184814,0.3535378575325012,0.38841283321380615,0.41537466645240784,0.4327419102191925,0.44873982667922974,0.41673415899276733,0.4416399300098419,0.4278983473777771,0.41590437293052673,0.4393385350704193,0.4576548635959625,0.44482186436653137,0.43389829993247986,0.6462343335151672,0.5891116261482239,0.5225594639778137,0.4744991064071655,0.45876264572143555,0.5344774127006531,0.45654726028442383,0.4080510139465332,0.36943167448043823,0.5439227223396301,0.463309109210968,0.4216151535511017,0.3919239044189453,0.5555579662322998,0.4649829864501953,0.4673418700695038,0.491148978471756,0.566194474697113,0.4956640601158142,0.49482226371765137,0.51581871509552,3.6349737797536363e-07,-0.01164183858782053,-0.023932278156280518,-0.03359634429216385,-0.041860055178403854,-0.046376679092645645,-0.06230507045984268,-0.0699830874800682,-0.07587775588035583,-0.04720514640212059,-0.06000806391239166,-0.06128190830349922,-0.06413084268569946,-0.046457402408123016,-0.0564868301153183,-0.04770331457257271,-0.04090317711234093,-0.04684126004576683,-0.054570216685533524,-0.04935646802186966,-0.044540535658597946
0.37174156308174133,0.342136412858963,0.34554803371429443,0.37163645029067993,0.39667439460754395,0.3548923134803772,0.3539413809776306,0.35258978605270386,0.3531281650066376,0.38834309577941895,0.41529735922813416,0.43264713883399963,0.44860655069351196,0.41635429859161377,0.4414232671260834,0.42797061800956726,0.41612306237220764,0.43854135274887085,0.4567001760005951,0.44414377212524414,0.4335661232471466,0.6453120708465576,0.5875780582427979,0.5215721726417542,0.47428959608078003,0.4596218466758728,0.5350757241249084,0.4568050801753998,0.4083572030067444,0.3698580265045166,0.545293390750885,0.46364447474479675,0.42159488797187805,0.3914826512336731,0.5567865967750549,0.4649665951728821,0.4666909873485565,0.48987576365470886,0.5665711164474487,0.4949737787246704,0.4942099153995514,0.5149719715118408,3.7223048821033444e-07,-0.01182962954044342,-0.02428549900650978,-0.03401321545243263,-0.04233847185969353,-0.046789705753326416,-0.0626414343714714,-0.07024194300174713,-0.07603861391544342,-0.047465503215789795,-0.060136470943689346,-0.061388853937387466,-0.06425695866346359,-0.04653843864798546,-0.0564739964902401,-0.047919418662786484,-0.04131844639778137,-0.04672839120030403,-0.0541735514998436,-0.048899825662374496,-0.04413212835788727
0.37185806035995483,0.34185901284217834,0.3449957072734833,0.37116092443466187,0.39601120352745056,0.3543517291545868,0.3533060848712921,0.3524293303489685,0.35344943404197693,0.3878505527973175,0.41452112793922424,0.4318089485168457,0.4479195177555084,0.4161648452281952,0.4410594403743744,0.42715683579444885,0.41520270705223083,0.43869921565055847,0.45711636543273926,0.444009006023407,0.433165580034256,0.6459640860557556,0.588455855846405,0.5222300887107849,0.4747792184352875,0.4590784013271332,0.5354135036468506,0.45677879452705383,0.40817585587501526,0.3694271445274353,0.5451436638832092,0.46342408657073975,0.421414852142334,0.39147821068763733,0.5566472411155701,0.4653315544128418,0.4674598276615143,0.49134695529937744,0.566922128200531,0.49563515186309814,0.4945197105407715,0.515457808971405,3.5712363910533895e-07,-0.011659184470772743,-0.02407410927116871,-0.033813077956438065,-0.042188357561826706,-0.047283709049224854,-0.0635487511754036,-0.07144780457019806,-0.07739149779081345,-0.048105284571647644,-0.06077645346522331,-0.061813972890377045,-0.06454046815633774,-0.04731212556362152,-0.05703748017549515,-0.047980714589357376,-0.04107111692428589,-0.04766848683357239,-0.05495331436395645,-0.04938450828194618,-0.044400349259376526
0.37147611379623413,0.34191399812698364,0.3453836739063263,0.37124761939048767,0.395459920167923,0.354178249835968,0.35366594791412354,0.3525328040122986,0.35322239995002747,0.38758933544158936,0.4145140051841736,0.43191400170326233,0.44819825887680054,0.41569575667381287,0.4404415190219879,0.4270395040512085,0.4154362976551056,0.4381292462348938,0.4557299315929413,0.4436281621456146,0.4336329698562622,0.6462235450744629,0.5878438949584961,0.5222734212875366,0.4758467376232147,0.46055227518081665,0.5331279635429382,0.45565903186798096,0.40786248445510864,0.36969372630119324,0.5435851812362671,0.4630434215068817,0.4211243689060211,0.3910815715789795,0.5560012459754944,0.4648142457008362,0.46635711193084717,0.4894797205924988,0.5667871236801147,0.4960000514984131,0.4947246313095093,0.5150837302207947,3.67675369261633e-07,-0.010910970158874989,-0.02293233945965767,-0.03251044824719429,-0.040776755660772324,-0.04485563188791275,-0.060272738337516785,-0.06773493438959122,-0.07345250248908997,-0.046096377074718475,-0.05850658565759659,-0.060046371072530746,-0.06307879835367203,-0.045714735984802246,-0.05558427423238754,-0.04721260443329811,-0.04069305583834648,-0.04635986313223839,-0.05381813645362854,-0.04848486930131912,-0.04356824979186058
0.3714350461959839,0.34071987867355347,0.34379053115844727,0.3701946437358856,0.3959837555885315,0.35412928462028503,0.3532242178916931,0.3520142436027527,0.3526700735092163,0.3877738118171692,0.4142650067806244,0.43116915225982666,0.44693827629089355,0.4159042239189148,0.44070926308631897,0.4269329309463501,0.4149846136569977,0.43814951181411743,0.45653343200683594,0.443607360124588,0.4325691759586334,0.6460920572280884,0.5879702568054199,0.5220218896865845,0.47496291995048523,0.4592905044555664,0.5336076021194458,0.4559985399246216,0.40779268741607666,0.36926746368408203,0.5432671904563904,0.4630051255226135,0.421342134475708,0.39115723967552185,0.5550296306610107,0.46466493606567383,0.46671757102012634,0.4902544319629669,0.5655906200408936,0.4950657784938812,0.49411818385124207,0.5150476694107056,3.6182859730615746e-07,-0.011766120791435242,-0.02396285906434059,-0.03355753794312477,-0.04173406958580017,-0.04553142935037613,-0.061209358274936676,-0.0688583254814148,-0.07473236322402954,-0.04632117226719856,-0.05874239280819893,-0.0599803701043129,-0.06286267936229706,-0.04564353823661804,-0.0555838979780674,-0.04710105061531067,-0.04053352028131485,-0.046111010015010834,-0.05378369614481926,-0.04862947016954422,-0.0438806414604187
0.37124842405319214,0.34138190746307373,0.344721257686615,0.3705504536628723,0.3945305347442627,0.35377103090286255,0.3528769314289093,0.35196271538734436,0.3527531921863556,0.3873721957206726,0.4139104187488556,0.4313308298587799,0.4474659860134125,0.4155516028404236,0.4400680661201477,0.42680397629737854,0.4152517020702362,0.43793565034866333,0.4555701017379761,0.44331127405166626,0.4331931471824646,0.6467249393463135,0.5883692502975464,0.522220253944397,0.4745776355266571,0.4591284990310669,0.5339352488517761,0.45588719844818115,0.40770766139030457,0.3691538870334625,0.5435559749603271,0.4624723494052887,0.4204280376434326,0.39018499851226807,0.5552855730056763,0.4638436436653137,0.4669519066810608,0.4910765588283539,0.5657013654708862,0.49533334374427795,0.49485528469085693,0.5156055092811584,3.645823767328693e-07,-0.011361798271536827,-0.023447753861546516,-0.03300520032644272,-0.04112632945179939,-0.04527660831809044,-0.061117131263017654,-0.06890106946229935,-0.07487078011035919,-0.04634375497698784,-0.05906388908624649,-0.060686539858579636,-0.06385092437267303,-0.04586425796151161,-0.05599972978234291,-0.04747336730360985,-0.04084916040301323,-0.046487100422382355,-0.054218634963035583,-0.049036212265491486,-0.04425046592950821
0.36993172764778137,0.34022584557533264,0.3441261351108551,0.3708544969558716,0.3962915241718292,0.3532922565937042,0.3528359830379486,0.3520180583000183,0.3527136445045471,0.38681262731552124,0.4132528007030487,0.4306481182575226,0.44655123353004456,0.4149773120880127,0.43984097242355347,0.426602303981781,0.41467607021331787,0.43744248151779175,0.45492222905158997,0.44264698028564453,0.43201345205307007,0.6476101279258728,0.5886557698249817,0.5228661894798279,0.4760584235191345,0.4599366784095764,0.5319841504096985,0.4553321599960327,0.40740013122558594,0.3690773546695709,0.5422435402870178,0.4629814028739929,0.42103680968284607,0.39069032669067383,0.5546755790710449,0.46532225608825684,0.46690165996551514,0.48985594511032104,0.565600574016571,0.4956076145172119,0.49413353204727173,0.514297366142273,3.5836066558658786e-07,-0.010549069382250309,-0.022083815187215805,-0.031361550092697144,-0.03925060108304024,-0.043020617216825485,-0.05827244371175766,-0.06590770930051804,-0.07182904332876205,-0.04439419135451317,-0.05668288469314575,-0.058344751596450806,-0.06155365705490112,-0.044317375868558884,-0.054052259773015976,-0.045852046459913254,-0.0395071841776371,-0.04531126469373703,-0.05281274765729904,-0.04783223941922188,-0.043207984417676926
0.37171709537506104,0.3409873843193054,0.3441550135612488,0.3704529106616974,0.3957839012145996,0.353776752948761,0.353156715631485,0.35223838686943054,0.3530777096748352,0.38726407289505005,0.4141201972961426,0.43133407831192017,0.4475124776363373,0.4154820144176483,0.44039762020111084,0.4262981116771698,0.41448336839675903,0.43816301226615906,0.4561668932437897,0.44318127632141113,0.43256834149360657,0.6466357707977295,0.5879446864128113,0.5216662883758545,0.47535234689712524,0.4596432149410248,0.5334230661392212,0.45548832416534424,0.4074776768684387,0.36883968114852905,0.5436481833457947,0.46242189407348633,0.4209144711494446,0.3908456563949585,0.5557349920272827,0.4638536870479584,0.4671395421028137,0.4916614592075348,0.5662469863891602,0.495016872882843,0.494484543800354,0.5155750513076782,3.6635134392781765e-07,-0.011492571793496609,-0.02365737222135067,-0.033303532749414444,-0.0414901040494442,-0.04553794860839844,-0.061472415924072266,-0.06926922500133514,-0.07522784173488617,-0.04654339700937271,-0.059390854090452194,-0.06094130128622055,-0.06401292234659195,-0.046016789972782135,-0.05644189566373825,-0.047899652272462845,-0.041152119636535645,-0.04659103602170944,-0.054587773978710175,-0.049421731382608414,-0.044577617198228836
0.3711784780025482,0.3414018452167511,0.3441845774650574,0.3700237572193146,0.3953833281993866,0.354120135307312,0.35387420654296875,0.3530961871147156,0.3537179231643677,0.3874607980251312,0.4138495922088623,0.43139687180519104,0.44715672731399536,0.415312260389328,0.4400708079338074,0.427453875541687,0.41584599018096924,0.4372299611568451,0.45525744557380676,0.44309666752815247,0.4323381185531616,0.6460102200508118,0.5882859826087952,0.5233089923858643,0.4764290750026703,0.46020540595054626,0.5339259505271912,0.4562932848930359,0.407995343208313,0.3695613145828247,0.5437639951705933,0.4635441303253174,0.4212934374809265,0.3907317519187927,0.5554062724113464,0.4656853675842285,0.4658181071281433,0.48745816946029663,0.5654758214950562,0.4954005181789398,0.4935482144355774,0.5131306052207947,3.6492539834398485e-07,-0.011310320347547531,-0.0232879426330328,-0.032713860273361206,-0.040712930262088776,-0.045164965093135834,-0.060924168676137924,-0.06878165155649185,-0.07474053651094437,-0.04606323689222336,-0.05852620303630829,-0.06002302095293999,-0.06310497969388962,-0.04546981304883957,-0.05506672337651253,-0.04687103256583214,-0.040645748376846313,-0.045997727662324905,-0.05321685969829559,-0.04815314710140228,-0.043564438819885254
0.37090060114860535,0.34026238322257996,0.3432918190956116,0.3698858320713043,0.3957698345184326,0.35419175028800964,0.3540245592594147,0.3530917167663574,0.35386061668395996,0.387519508600235,0.4141688942909241,0.4311734735965729,0.44702139496803284,0.4154358208179474,0.4405178427696228,0.426887184381485,0.4151052236557007,0.4376290440559387,0.45571693778038025,0.44277697801589966,0.4319594204425812,0.6458179950714111,0.5887638926506042,0.5226312279701233,0.47559937834739685,0.4601156711578369,0.5332105159759521,0.4558950662612915,0.40798237919807434,0.36958175897598267,0.5432627201080322,0.4627149701118469,0.4211249351501465,0.3907908797264099,0.5552804470062256,0.46409669518470764,0.4670180380344391,0.4911251664161682,0.5658532977104187,0.49497196078300476,0.49465084075927734,0.515864372253418,3.645660058282374e-07,-0.011687064543366432,-0.02378910407423973,-0.033300019800662994,-0.041417982429265976,-0.04560842365026474,-0.06147674843668938,-0.06932462751865387,-0.07537604868412018,-0.04648681730031967,-0.05923646315932274,-0.06082529574632645,-0.06396755576133728,-0.04586387053132057,-0.05618571490049362,-0.04787079617381096,-0.04137850180268288,-0.04635270684957504,-0.05453558266162872,-0.04964418336749077,-0.04500924050807953
0.3716243505477905,0.341326504945755,0.34411901235580444,0.37022557854652405,0.39527276158332825,0.3538667857646942,0.35364875197410583,0.3531925082206726,0.35409775376319885,0.38721421360969543,0.4137503206729889,0.43139997124671936,0.4474187195301056,0.4153304696083069,0.43942251801490784,0.4267164468765259,0.41547679901123047,0.437735915184021,0.4550633430480957,0.4430755078792572,0.43314018845558167,0.6464959979057312,0.5890080332756042,0.523124098777771,0.4754471778869629,0.4593113660812378,0.5348842144012451,0.4560258388519287,0.40741685032844543,0.36864787340164185,0.5445454716682434,0.4630957841873169,0.42084917426109314,0.3906651437282562,0.5561010241508484,0.4644841253757477,0.4658508002758026,0.48882782459259033,0.5661500692367554,0.4951990842819214,0.49398213624954224,0.5142422914505005,3.6127292446508363e-07,-0.01161169819533825,-0.02398764155805111,-0.03366352990269661,-0.041959259659051895,-0.04700691998004913,-0.06338733434677124,-0.07151056081056595,-0.07765892893075943,-0.047850728034973145,-0.060814887285232544,-0.062371447682380676,-0.06551166623830795,-0.04707382991909981,-0.05687537416815758,-0.0482020378112793,-0.04164495691657066,-0.047433432191610336,-0.0548313669860363,-0.04955001175403595,-0.04478812962770462
0.37043046951293945,0.34083467721939087,0.34433311223983765,0.3705070912837982,0.3955457806587219,0.35394418239593506,0.353738009929657,0.3527820408344269,0.3533061742782593,0.3873369097709656,0.41390112042427063,0.43136924505233765,0.4473540484905243,0.4153347909450531,0.439803808927536,0.42680737376213074,0.41534164547920227,0.43758830428123474,0.4549970030784607,0.4427437484264374,0.4325195848941803,0.6454041004180908,0.5869324803352356,0.5216335654258728,0.4755222797393799,0.4605163335800171,0.5326203107833862,0.4555315375328064,0.40738964080810547,0.3689848780632019,0.5428252220153809,0.46227049827575684,0.42025721073150635,0.3899940848350525,0.5548052787780762,0.4639924168586731,0.46565020084381104,0.4886707067489624,0.565204381942749,0.49460142850875854,0.493731290102005,0.5141844749450684,3.708234714849823e-07,-0.011125666089355946,-0.02325913868844509,-0.03285498172044754,-0.04109875112771988,-0.04545915126800537,-0.06129078567028046,-0.0692334920167923,-0.07532057911157608,-0.04654852673411369,-0.059208404272794724,-0.060955364257097244,-0.06423461437225342,-0.04602310433983803,-0.0558486208319664,-0.04746130108833313,-0.04105744510889053,-0.04656673222780228,-0.05394921079277992,-0.0486285425722599,-0.04380711540579796
0.37153398990631104,0.3409101963043213,0.3438531458377838,0.3699941337108612,0.3948603868484497,0.3537825345993042,0.3535129725933075,0.35275328159332275,0.3538397550582886,0.38706904649734497,0.4135868549346924,0.43099087476730347,0.44712013006210327,0.4151795208454132,0.439293771982193,0.4259973168373108,0.41448450088500977,0.43748077750205994,0.4547933042049408,0.4422966241836548,0.4321165680885315,0.6457942724227905,0.5873656868934631,0.5220978856086731,0.4759066700935364,0.459499329328537,0.5333932638168335,0.4548197388648987,0.40660902857780457,0.3680057227611542,0.5432841777801514,0.461548388004303,0.4197329580783844,0.3894972503185272,0.5551162958145142,0.46314680576324463,0.464894562959671,0.48821312189102173,0.5655624866485596,0.4943288564682007,0.493280291557312,0.5137491226196289,3.5882470683645806e-07,-0.01107113342732191,-0.023214885964989662,-0.032770153135061264,-0.04100509360432625,-0.04592883214354515,-0.06213955208659172,-0.07026093453168869,-0.07632642984390259,-0.04694076627492905,-0.05927465856075287,-0.060542210936546326,-0.06346350163221359,-0.04633859917521477,-0.05583421513438225,-0.04708648473024368,-0.04047193378210068,-0.04682067781686783,-0.05405953526496887,-0.048503272235393524,-0.04348437860608101
0.3705054819583893,0.3404594659805298,0.3439424932003021,0.3702130913734436,0.39557376503944397,0.3534976840019226,0.3535037934780121,0.35280704498291016,0.3535078167915344,0.3868338167667389,0.4136960506439209,0.43131887912750244,0.4471415579319,0.4148862361907959,0.43923214077949524,0.42625653743743896,0.4146527349948883,0.43719038367271423,0.45472025871276855,0.44228696823120117,0.43181872367858887,0.6456950306892395,0.5875850915908813,0.5224035978317261,0.4757145047187805,0.4596571922302246,0.5343111753463745,0.45588117837905884,0.4073038101196289,0.3682857155799866,0.5438254475593567,0.46244123578071594,0.4203479588031769,0.38949713110923767,0.555260956287384,0.4637019634246826,0.465651273727417,0.48884186148643494,0.5653203725814819,0.4946002662181854,0.49362707138061523,0.5138692855834961,3.6856857832390233e-07,-0.011376546695828438,-0.0237165167927742,-0.033362116664648056,-0.04158535599708557,-0.04674259200692177,-0.06295277923345566,-0.07110562920570374,-0.0773182362318039,-0.04758025333285332,-0.06008301302790642,-0.06140634045004845,-0.06447618454694748,-0.04677177220582962,-0.05618171766400337,-0.047332391142845154,-0.04075092449784279,-0.04710116982460022,-0.054266758263111115,-0.048859186470508575,-0.04404868185520172
0.37162572145462036,0.3411109745502472,0.3438488841056824,0.37022605538368225,0.3961758613586426,0.35378992557525635,0.35390767455101013,0.3532902002334595,0.3540809452533722,0.3871803283691406,0.4138545095920563,0.4311770498752594,0.44702765345573425,0.4153341054916382,0.4395734667778015,0.4261954724788666,0.414591521024704,0.43782079219818115,0.4552358090877533,0.4426378011703491,0.43229421973228455,0.6462421417236328,0.5892512798309326,0.523278534412384,0.4756735861301422,0.45881661772727966,0.5360279083251953,0.456089049577713,0.40711796283721924,0.36795687675476074,0.5452737212181091,0.4623020887374878,0.4200439155101776,0.3894435465335846,0.5562673807144165,0.46344202756881714,0.46637800335884094,0.49024662375450134,0.5658038258552551,0.4943305552005768,0.49405720829963684,0.5147173404693604,3.622809856551612e-07,-0.011898222379386425,-0.024362744763493538,-0.03406592458486557,-0.04231155291199684,-0.04745636507868767,-0.0637948215007782,-0.07167121022939682,-0.0776272788643837,-0.048161569982767105,-0.06109584495425224,-0.06246432662010193,-0.06547822058200836,-0.04724441096186638,-0.05727560445666313,-0.048429328948259354,-0.04170703887939453,-0.04746261611580849,-0.05518098175525665,-0.04987092316150665,-0.04506142437458038
0.37128588557243347,0.3407769203186035,0.34334075450897217,0.36970460414886475,0.3959271311759949,0.3539341986179352,0.3546794354915619,0.35410988330841064,0.3547477126121521,0.38758474588394165,0.41423875093460083,0.4318847060203552,0.447770357131958,0.4158374071121216,0.43940648436546326,0.4265308678150177,0.41515564918518066,0.43794772028923035,0.4548898935317993,0.44255486130714417,0.4324219226837158,0.6474387049674988,0.5907005667686462,0.5256842374801636,0.47819048166275024,0.4601970314979553,0.5370215773582458,0.45674270391464233,0.4073737859725952,0.36791759729385376,0.5457018613815308,0.4627894163131714,0.42017316818237305,0.3889499008655548,0.5561755895614624,0.4635440409183502,0.4648767113685608,0.4875217080116272,0.5651714205741882,0.4943450093269348,0.4933719336986542,0.5132681727409363,3.646182733518799e-07,-0.011572569608688354,-0.02376309596002102,-0.033112533390522,-0.04103666543960571,-0.04728211835026741,-0.0636361837387085,-0.07176576554775238,-0.07785208523273468,-0.04783579707145691,-0.06039789319038391,-0.06178608164191246,-0.06483887135982513,-0.046708621084690094,-0.05630548298358917,-0.04780561476945877,-0.04146933928132057,-0.046668510884046555,-0.05415160953998566,-0.04894645884633064,-0.04422722011804581
0.37225860357284546,0.34170275926589966,0.34473028779029846,0.3711026608943939,0.39725854992866516,0.3545715808868408,0.3545713722705841,0.35387933254241943,0.3546743392944336,0.3877987563610077,0.41436323523521423,0.4320957362651825,0.44822877645492554,0.41590508818626404,0.43988412618637085,0.4267632067203522,0.4152011573314667,0.43830347061157227,0.45546892285346985,0.44296929240226746,0.43255844712257385,0.6461591124534607,0.5887213349342346,0.5229976177215576,0.47656184434890747,0.4590156674385071,0.5342317819595337,0.45504850149154663,0.40650781989097595,0.3674366772174835,0.5436282157897949,0.46185246109962463,0.4198478162288666,0.38893938064575195,0.5550453066825867,0.4637593924999237,0.46693354845046997,0.490588515996933,0.5652171969413757,0.49448609352111816,0.4942449927330017,0.5146750807762146,3.601661830998637e-07,-0.011579667218029499,-0.02390945330262184,-0.0335746593773365,-0.04184133931994438,-0.046689413487911224,-0.06292322278022766,-0.07083649933338165,-0.07675419747829437,-0.04748924449086189,-0.06014881655573845,-0.06141676753759384,-0.06433095782995224,-0.04670139029622078,-0.056566763669252396,-0.04775044694542885,-0.04104999825358391,-0.04703390970826149,-0.05449134483933449,-0.04897912219166756,-0.044030699878931046
0.37106266617774963,0.3411926031112671,0.34428849816322327,0.37113264203071594,0.39706793427467346,0.3543075621128082,0.35504913330078125,0.35454633831977844,0.3550611734390259,0.38772764801979065,0.41502809524536133,0.4329213798046112,0.4487837851047516,0.4157157242298126,0.4402123689651489,0.42776647210121155,0.4163892865180969,0.4377768039703369,0.4551239609718323,0.4434686601161957,0.4336029589176178,0.6456009149551392,0.5882982015609741,0.522892415523529,0.47585630416870117,0.4596238136291504,0.5355567932128906,0.45628517866134644,0.40741631388664246,0.3682651221752167,0.545038640499115,0.4625921845436096,0.42016300559043884,0.3892394006252289,0.5561479926109314,0.46362391114234924,0.4655286967754364,0.48828887939453125,0.5656763315200806,0.4950549304485321,0.4942874610424042,0.5140290856361389,3.7240650385683693e-07,-0.011225339025259018,-0.02336343377828598,-0.032741256058216095,-0.04071744158864021,-0.047124020755290985,-0.06291501969099045,-0.0704803317785263,-0.07628268748521805,-0.048040810972452164,-0.060621991753578186,-0.06204121932387352,-0.06515104323625565,-0.047179270535707474,-0.05692658573389053,-0.04839472472667694,-0.04199455678462982,-0.047345180064439774,-0.054730288684368134,-0.0494353361427784,-0.0447097010910511
0.3729605972766876,0.34214460849761963,0.34460732340812683,0.37049245834350586,0.39662522077560425,0.35480213165283203,0.35554370284080505,0.35502204298973083,0.3559502363204956,0.3881141245365143,0.4151059091091156,0.43305298686027527,0.44938424229621887,0.41607069969177246,0.44029468297958374,0.4275074303150177,0.4160761535167694,0.43819743394851685,0.4558164179325104,0.4436655044555664,0.43343448638916016,0.6468080282211304,0.5902643203735352,0.5249525904655457,0.4784741699695587,0.45989376306533813,0.5361096858978271,0.4556870758533478,0.4067295491695404,0.3674832582473755,0.5453623533248901,0.4619894027709961,0.42002105712890625,0.38939547538757324,0.5566176772117615,0.4632738530635834,0.46558520197868347,0.48901599645614624,0.5664464831352234,0.49478384852409363,0.49407777190208435,0.5142337679862976,3.5924460917158285e-07,-0.0112700080499053,-0.023542847484350204,-0.03306297957897186,-0.041190676391124725,-0.04723381623625755,-0.06360864639282227,-0.07163633406162262,-0.07759660482406616,-0.048005592077970505,-0.060471534729003906,-0.06155380979180336,-0.06433609127998352,-0.047080520540475845,-0.056648533791303635,-0.047715142369270325,-0.0410303957760334,-0.04721205309033394,-0.0547587089240551,-0.049267396330833435,-0.04427501931786537
0.3712644875049591,0.34069910645484924,0.3442039489746094,0.37104561924934387,0.39705196022987366,0.3544764220714569,0.35549187660217285,0.3550528883934021,0.3557561933994293,0.38806307315826416,0.4151948392391205,0.43322160840034485,0.4493957459926605,0.4160836338996887,0.4399549961090088,0.4276038706302643,0.41648605465888977,0.43793559074401855,0.45525938272476196,0.4433983862400055,0.43346449732780457,0.6460833549499512,0.5890407562255859,0.5238901376724243,0.4769245684146881,0.45925211906433105,0.5356982350349426,0.45635542273521423,0.4074438214302063,0.3681630790233612,0.5449098944664001,0.4631226062774658,0.4207855463027954,0.3895450234413147,0.5559223294258118,0.46482211351394653,0.4657738208770752,0.4877333343029022,0.5655612945556641,0.49487340450286865,0.49370071291923523,0.5133312940597534,3.745441574665165e-07,-0.011800401844084263,-0.024140384048223495,-0.03352304548025131,-0.041556261479854584,-0.047911256551742554,-0.06397043913602829,-0.07173532247543335,-0.07757025212049484,-0.04833497107028961,-0.06071317568421364,-0.06173425167798996,-0.06450262665748596,-0.04706069454550743,-0.056409191340208054,-0.04778485372662544,-0.04140383005142212,-0.0468912310898304,-0.05407162755727768,-0.0487503707408905,-0.04402204975485802
0.37325263023376465,0.3419690728187561,0.34494549036026,0.3714192509651184,0.3982844650745392,0.3550235331058502,0.35585618019104004,0.35532477498054504,0.3561057150363922,0.38842931389808655,0.41604316234588623,0.4340868592262268,0.450386106967926,0.4167608916759491,0.4412693977355957,0.42829278111457825,0.4168969392776489,0.43937668204307556,0.4570930004119873,0.44452014565467834,0.4341954290866852,0.6452348232269287,0.588970422744751,0.5231419801712036,0.476306676864624,0.45811134576797485,0.5357526540756226,0.4561537206172943,0.4072871804237366,0.3678077161312103,0.5445575714111328,0.4622418284416199,0.420637845993042,0.38971883058547974,0.5554050207138062,0.46322691440582275,0.46700382232666016,0.4911286532878876,0.5650989413261414,0.49412089586257935,0.4943276643753052,0.5151761174201965,3.6085640431338106e-07,-0.011869764886796474,-0.024410318583250046,-0.03403332829475403,-0.04225227236747742,-0.04847748205065727,-0.06498156487941742,-0.07286770641803741,-0.0787808895111084,-0.04895760864019394,-0.06160733103752136,-0.0625448003411293,-0.06526947766542435,-0.047732070088386536,-0.05762850120663643,-0.04862667992711067,-0.04183949902653694,-0.047597236931324005,-0.05542122945189476,-0.05006938427686691,-0.04519255459308624
0.37183457612991333,0.3425779640674591,0.34647953510284424,0.373261958360672,0.3998993933200836,0.355218768119812,0.35590869188308716,0.35525843501091003,0.3559243977069855,0.38832351565361023,0.4160292446613312,0.4342041611671448,0.4506637454032898,0.41629183292388916,0.4408577084541321,0.42728108167648315,0.4152102768421173,0.43868112564086914,0.4562578499317169,0.44376951456069946,0.43326473236083984,0.6450946927070618,0.58783358335495,0.5224167704582214,0.47617557644844055,0.45998552441596985,0.5353217124938965,0.4563620686531067,0.40781277418136597,0.3686646819114685,0.5449377298355103,0.4634958505630493,0.4211961328983307,0.3896000385284424,0.5560834407806396,0.46437519788742065,0.46807944774627686,0.4924471080303192,0.5655590891838074,0.4947107434272766,0.4945507347583771,0.5151601433753967,3.816127787104051e-07,-0.01204849686473608,-0.024829605594277382,-0.034897904843091965,-0.04349539056420326,-0.04737795889377594,-0.06380120664834976,-0.07180949300527573,-0.07793319970369339,-0.048096202313899994,-0.06148586422204971,-0.06312863528728485,-0.06627672165632248,-0.04724730923771858,-0.05776303634047508,-0.04914895072579384,-0.042466044425964355,-0.04757659137248993,-0.05583444982767105,-0.050950732082128525,-0.046376392245292664
0.3724677860736847,0.3421352505683899,0.3456593453884125,0.37246978282928467,0.39898571372032166,0.3558688759803772,0.356713205575943,0.35615405440330505,0.35702449083328247,0.3891955018043518,0.41670987010002136,0.4348101317882538,0.45139577984809875,0.41715624928474426,0.4414196312427521,0.4276740550994873,0.41569170355796814,0.4393520951271057,0.4567507803440094,0.4440237283706665,0.4334942102432251,0.6460030674934387,0.5880624055862427,0.5226631760597229,0.47710686922073364,0.4605778753757477,0.5342854857444763,0.4560147225856781,0.4076767861843109,0.3686506748199463,0.5440435409545898,0.46365493535995483,0.4217633903026581,0.39081689715385437,0.5556674003601074,0.4652702808380127,0.4673408269882202,0.4906837046146393,0.5658302903175354,0.49546319246292114,0.49435728788375854,0.5146085619926453,3.6701254657600657e-07,-0.011189166456460953,-0.023337414488196373,-0.03286614269018173,-0.041057683527469635,-0.04627799242734909,-0.062416620552539825,-0.07045523822307587,-0.07656003534793854,-0.047142695635557175,-0.059864435344934464,-0.061386410146951675,-0.06443989276885986,-0.04635670408606529,-0.05617494508624077,-0.04766841232776642,-0.041157856583595276,-0.04665984958410263,-0.05430500954389572,-0.04914328455924988,-0.04436872527003288
0.37295451760292053,0.34233778715133667,0.345245897769928,0.37178313732147217,0.3987807631492615,0.3556380271911621,0.3567332923412323,0.3563317656517029,0.35742706060409546,0.3891583979129791,0.4170471429824829,0.43512865900993347,0.4515088200569153,0.41726619005203247,0.4421515464782715,0.4286271035671234,0.4166713356971741,0.4395141899585724,0.457476943731308,0.4446572959423065,0.43369555473327637,0.6462825536727905,0.5887946486473083,0.5234692692756653,0.47703713178634644,0.45927393436431885,0.5354557633399963,0.45651769638061523,0.4080633223056793,0.3690066635608673,0.5447119474411011,0.46353816986083984,0.42196470499038696,0.39118945598602295,0.5558129549026489,0.46461132168769836,0.46769610047340393,0.4917822778224945,0.5654591917991638,0.4947601556777954,0.4942692816257477,0.5149970054626465,3.684150442495593e-07,-0.011577117256820202,-0.02397375926375389,-0.033724475651979446,-0.042040545493364334,-0.046528350561857224,-0.06293043494224548,-0.07096786797046661,-0.07697897404432297,-0.047226838767528534,-0.059994373470544815,-0.06125462055206299,-0.06411115825176239,-0.0463748425245285,-0.056434422731399536,-0.047792334109544754,-0.041104480624198914,-0.04663296043872833,-0.05455465242266655,-0.049457669258117676,-0.04466566443443298
0.3725537657737732,0.34212201833724976,0.34544670581817627,0.37219133973121643,0.398336797952652,0.35595375299453735,0.3569725453853607,0.3564852476119995,0.3574620485305786,0.38928017020225525,0.41680973768234253,0.4349820613861084,0.45165693759918213,0.41708987951278687,0.4413456320762634,0.42816364765167236,0.4165908694267273,0.43893179297447205,0.45664483308792114,0.44447022676467896,0.4341939091682434,0.6466285586357117,0.5892219543457031,0.5245502591133118,0.4790656566619873,0.46095168590545654,0.5349567532539368,0.45603734254837036,0.40795567631721497,0.36913496255874634,0.5444982647895813,0.46380066871643066,0.4220241606235504,0.39112186431884766,0.5561106204986572,0.46595755219459534,0.46759968996047974,0.4903568625450134,0.5662470459938049,0.49624472856521606,0.49493134021759033,0.514737606048584,3.7183946233199094e-07,-0.011278641410171986,-0.02364405244588852,-0.03330240398645401,-0.04162854701280594,-0.046742670238018036,-0.06288624554872513,-0.07087387144565582,-0.07686689496040344,-0.0475655272603035,-0.0600060373544693,-0.06126566603779793,-0.06419537961483002,-0.04673187434673309,-0.05607500299811363,-0.04737177491188049,-0.04094226658344269,-0.04701127111911774,-0.0542948916554451,-0.048901211470365524,-0.04406413435935974
0.3726966679096222,0.34267643094062805,0.3460994064807892,0.3724128007888794,0.398794949054718,0.3558773696422577,0.3569485545158386,0.35652750730514526,0.3576012849807739,0.3890591263771057,0.41680750250816345,0.4351344704627991,0.4518148899078369,0.4170023798942566,0.4418683350086212,0.42845913767814636,0.41656965017318726,0.4391481578350067,0.45738324522972107,0.44468316435813904,0.4338342845439911,0.646076500415802,0.5883885025978088,0.5234338641166687,0.4779086410999298,0.46026328206062317,0.5347929000854492,0.45649954676628113,0.4083027243614197,0.36939311027526855,0.5443195104598999,0.4637390077114105,0.42217227816581726,0.39131373167037964,0.5559749007225037,0.4657256603240967,0.46826043725013733,0.49156132340431213,0.5663148164749146,0.4961645305156708,0.4951810836791992,0.5153337121009827,3.713794285431504e-07,-0.011204336769878864,-0.023529503494501114,-0.03326204791665077,-0.04166342690587044,-0.04652249813079834,-0.06295648962259293,-0.07113087177276611,-0.07724900543689728,-0.047418609261512756,-0.060235217213630676,-0.06167139485478401,-0.06465131789445877,-0.04668894410133362,-0.05643166974186897,-0.04766510799527168,-0.04102528840303421,-0.047058869153261185,-0.05460699275135994,-0.04927191510796547,-0.04438355192542076
